0	1
1	1
2	1
3	1
4	0
5	1
6	1
7	0
8	0
9	1
10	0
11	0
12	0
13	1
14	0
15	0
16	0
17	1
18	1
19	1
20	0
21	0
22	1
23	1
24	0
25	1
26	0
27	1
28	1
29	1
30	1
31	0
32	1
33	1
34	1
35	1
36	0
37	1
38	1
39	1
40	1
41	0
42	0
43	1
44	1
45	1
46	1
47	0
48	1
49	1
50	1
51	0
52	0
53	0
54	1
55	1
56	1
57	0
58	1
59	1
60	1
61	1
62	1
63	1
64	1
65	1
66	1
67	1
68	0
69	1
70	1
71	1
72	0
73	1
74	1
75	1
76	1
77	1
78	1
79	1
80	1
81	0
82	1
83	0
84	0
85	1
86	1
87	1
88	1
89	1
90	1
91	0
92	1
93	1
94	1
95	1
96	1
97	1
98	1
99	1
100	1
101	1
102	1
103	1
104	1
105	1
106	1
107	1
108	1
109	1
110	1
111	0
112	1
113	1
114	0
115	1
116	0
117	0
118	1
119	0
120	0
121	1
122	1
123	1
124	0
125	1
126	1
127	0
128	1
129	1
130	1
131	1
132	1
133	1
134	1
135	0
136	1
137	1
138	0
139	1
140	1
141	1
142	0
143	1
144	1
145	1
146	1
147	1
148	1
149	0
150	1
151	1
152	1
153	0
154	0
155	1
156	1
157	1
158	1
159	0
160	0
161	1
162	0
163	1
164	1
165	1
166	1
167	1
168	1
169	1
170	1
171	0
172	1
173	1
174	0
175	0
176	1
177	1
178	1
179	1
180	0
181	1
182	1
183	1
184	1
185	1
186	1
187	1
188	1
189	0
190	1
191	0
192	1
193	1
194	1
195	0
196	1
197	0
198	1
199	1
200	1
201	1
202	0
203	1
204	1
205	0
206	1
207	1
208	1
209	1
210	1
211	1
212	1
213	0
214	0
215	0
216	1
217	1
218	1
219	1
220	0
221	1
222	1
223	0
224	1
225	1
226	1
227	0
228	1
229	0
230	1
231	1
232	0
233	1
234	1
235	1
236	1
237	1
238	1
239	1
240	1
241	1
242	1
243	1
244	1
245	1
246	0
247	1
248	1
249	1
250	0
251	1
252	1
253	1
254	1
255	1
256	0
257	1
258	0
259	1
260	1
261	0
262	1
263	1
264	0
265	0
266	1
267	1
268	1
269	1
270	0
271	1
272	1
273	0
274	0
275	1
276	0
277	1
278	0
279	1
280	1
281	1
282	1
283	0
284	1
285	1
286	0
287	1
288	1
289	1
290	1
291	1
292	1
293	0
294	1
295	0
296	1
297	1
298	1
299	0
300	1
301	1
302	0
303	1
304	0
305	1
306	0
307	1
308	1
309	1
310	0
311	1
312	1
313	1
314	1
315	1
316	1
317	1
318	1
319	1
320	1
321	0
322	1
323	0
324	1
325	1
326	1
327	0
328	1
329	0
330	1
331	1
332	1
333	1
334	1
335	0
336	0
337	1
338	1
339	1
340	1
341	0
342	0
343	1
344	0
345	1
346	1
347	1
348	1
349	1
350	1
351	1
352	1
353	1
354	1
355	1
356	0
357	1
358	1
359	1
360	0
361	1
362	1
363	0
364	0
365	1
366	1
367	0
368	1
369	1
370	0
371	1
372	0
373	1
374	1
375	1
376	0
377	0
378	0
379	1
380	1
381	1
382	1
383	1
384	1
385	1
386	1
387	1
388	0
389	1
390	1
391	1
392	0
393	1
394	1
395	0
396	0
397	1
398	1
399	1
400	1
401	1
402	1
403	1
404	1
405	1
406	1
407	0
408	0
409	1
410	1
411	0
412	1
413	1
414	0
415	0
416	1
417	1
418	1
419	1
420	1
421	1
422	1
423	1
424	1
425	0
426	1
427	1
428	1
429	0
430	0
431	0
432	1
433	1
434	1
435	1
436	1
437	1
438	1
439	1
440	1
441	1
442	1
443	1
444	0
445	1
446	1
447	1
448	1
449	0
450	0
451	1
452	1
453	1
454	1
455	1
456	1
457	0
458	1
459	1
460	1
461	1
462	0
463	1
464	0
465	0
466	1
467	0
468	1
469	1
470	1
471	1
472	0
473	1
474	1
475	0
476	1
477	1
478	1
479	1
480	0
481	0
482	1
483	0
484	1
485	1
486	1
487	1
488	1
489	1
490	1
491	1
492	1
493	0
494	1
495	1
496	1
497	1
498	1
499	1
500	1
501	0
502	1
503	1
504	1
505	1
506	0
507	1
508	1
509	1
510	1
511	0
512	0
513	1
514	1
515	1
516	1
517	1
518	1
519	1
520	1
521	1
522	1
523	1
524	1
525	1
526	0
527	1
528	1
529	1
530	1
531	1
532	0
533	1
534	1
535	0
536	1
537	0
538	1
539	1
540	1
541	0
542	1
543	1
544	0
545	1
546	0
547	1
548	1
549	0
550	0
551	1
552	1
553	1
554	1
555	1
556	1
557	1
558	1
559	1
560	1
561	0
562	1
563	0
564	1
565	1
566	1
567	1
568	1
569	1
570	1
571	1
572	1
573	1
574	1
575	0
576	1
577	1
578	1
579	1
580	0
581	1
582	1
583	0
584	1
585	1
586	1
587	1
588	1
589	1
590	1
591	0
592	1
593	1
594	0
595	1
596	1
597	1
598	1
599	1
600	1
601	0
602	1
603	1
604	1
605	1
606	1
607	1
608	0
609	1
610	0
611	1
612	1
613	1
614	1
615	1
616	1
617	1
618	1
619	1
620	1
621	1
622	1
623	0
624	1
625	1
626	1
627	0
628	1
629	1
630	1
631	0
632	0
633	0
634	1
635	1
636	0
637	1
638	1
639	0
640	1
641	1
642	1
643	1
644	0
645	1
646	0
647	1
648	0
649	1
650	1
651	1
652	0
653	1
654	1
655	1
656	1
657	1
658	1
659	1
660	1
661	0
662	0
663	0
664	1
665	1
666	1
667	1
668	0
669	0
670	0
671	1
672	0
673	1
674	1
675	1
676	0
677	1
678	1
679	0
680	1
681	1
682	0
683	1
684	1
685	1
686	1
687	1
688	0
689	0
690	0
691	1
692	0
693	1
694	1
695	1
696	1
697	1
698	1
699	1
700	1
701	1
702	1
703	1
704	0
705	1
706	1
707	1
708	0
709	0
710	1
711	0
712	1
713	1
714	1
715	1
716	1
717	1
718	1
719	1
720	1
721	0
722	1
723	1
724	1
725	1
726	1
727	1
728	1
729	0
730	1
731	1
732	1
733	1
734	1
735	0
736	1
737	1
738	1
739	1
740	0
741	0
742	1
743	1
744	0
745	0
746	1
747	1
748	0
749	0
750	1
751	1
752	1
753	1
754	1
755	1
756	0
757	1
758	1
759	1
760	1
761	0
762	1
763	1
764	0
765	0
766	1
767	0
768	1
769	1
770	0
771	0
772	1
773	1
774	0
775	0
776	0
777	1
778	0
779	1
780	1
781	1
782	0
783	1
784	1
785	1
786	0
787	1
788	1
789	1
790	1
791	0
792	0
793	0
794	0
795	1
796	1
797	1
798	1
799	0
800	0
801	1
802	0
803	1
804	0
805	0
806	1
807	1
808	1
809	1
810	0
811	1
812	1
813	1
814	1
815	1
816	1
817	0
818	1
819	0
820	1
821	1
822	1
823	0
824	1
825	0
826	1
827	1
828	1
829	1
830	1
831	0
832	0
833	1
834	1
835	1
836	1
837	1
838	1
839	0
840	1
841	1
842	1
843	1
844	0
845	1
846	1
847	1
848	1
849	0
850	0
851	1
852	1
853	1
854	1
855	1
856	1
857	0
858	0
859	1
860	1
861	1
862	1
863	1
864	1
865	1
866	1
867	1
868	1
869	1
870	1
871	0
872	1
873	1
874	1
875	1
876	0
877	1
878	1
879	0
880	1
881	1
882	1
883	1
884	1
885	1
886	1
887	1
888	1
889	1
890	0
891	1
892	1
893	1
894	1
895	1
896	1
897	1
898	0
899	1
900	1
901	1
902	1
903	1
904	1
905	1
906	0
907	1
908	1
909	0
910	1
911	1
912	1
913	1
914	1
915	1
916	1
917	1
918	0
919	1
920	1
921	1
922	0
923	0
924	1
925	1
926	0
927	1
928	1
929	1
930	1
931	0
932	0
933	1
934	1
935	0
936	1
937	1
938	0
939	1
940	1
941	1
942	1
943	0
944	1
945	0
946	1
947	1
948	1
949	1
950	0
951	1
952	1
953	0
954	1
955	1
956	0
957	0
958	1
959	1
960	1
961	1
962	0
963	1
964	1
965	1
966	1
967	1
968	1
969	1
970	1
971	1
972	1
973	0
974	1
975	1
976	1
977	0
978	1
979	1
980	1
981	1
982	0
983	0
984	1
985	1
986	1
987	1
988	1
989	1
990	0
991	1
992	0
993	0
994	1
995	1
996	0
997	1
998	1
999	1
1000	0
1001	1
1002	1
1003	1
1004	1
1005	1
1006	0
1007	1
1008	0
1009	1
1010	1
1011	1
1012	1
1013	1
1014	1
1015	1
1016	1
1017	1
1018	1
1019	1
1020	0
1021	1
1022	1
1023	1
1024	1
1025	0
1026	0
1027	0
1028	0
1029	0
1030	0
1031	1
1032	0
1033	1
1034	0
1035	0
1036	1
1037	1
1038	1
1039	1
1040	1
1041	1
1042	1
1043	1
1044	1
1045	1
1046	1
1047	0
1048	1
1049	1
1050	0
1051	1
1052	1
1053	1
1054	0
1055	1
1056	0
1057	1
1058	1
1059	1
1060	1
1061	0
1062	1
1063	1
1064	1
1065	1
1066	1
1067	1
1068	1
1069	1
1070	1
1071	1
1072	1
1073	1
1074	1
1075	1
1076	1
1077	0
1078	1
1079	1
1080	0
1081	1
1082	0
1083	1
1084	0
1085	1
1086	1
1087	1
1088	1
1089	1
1090	1
1091	1
1092	1
1093	0
1094	1
1095	0
1096	1
1097	1
1098	1
1099	1
1100	1
1101	1
1102	1
1103	1
1104	1
1105	1
1106	1
1107	1
1108	1
1109	1
1110	1
1111	1
1112	1
1113	0
1114	0
1115	1
1116	1
1117	1
1118	1
1119	1
1120	1
1121	0
1122	1
1123	1
1124	1
1125	0
1126	1
1127	1
1128	1
1129	1
1130	0
1131	1
1132	1
1133	0
1134	1
1135	0
1136	1
1137	1
1138	1
1139	1
1140	0
1141	1
1142	0
1143	1
1144	1
1145	1
1146	1
1147	1
1148	1
1149	1
1150	1
1151	0
1152	1
1153	1
1154	1
1155	0
1156	1
1157	1
1158	1
1159	1
1160	1
1161	1
1162	1
1163	1
1164	1
1165	1
1166	1
1167	1
1168	1
1169	1
1170	1
1171	1
1172	1
1173	1
1174	1
1175	1
1176	0
1177	1
1178	1
1179	1
1180	1
1181	1
1182	1
1183	1
1184	1
1185	1
1186	0
1187	0
1188	1
1189	1
1190	0
1191	1
1192	1
1193	1
1194	0
1195	1
1196	1
1197	1
1198	1
1199	1
1200	1
1201	1
1202	1
1203	1
1204	1
1205	1
1206	1
1207	1
1208	1
1209	1
1210	0
1211	0
1212	0
1213	1
1214	0
1215	1
1216	1
1217	1
1218	0
1219	1
1220	1
1221	1
1222	0
1223	1
1224	1
1225	1
1226	1
1227	1
1228	1
1229	0
1230	1
1231	0
1232	0
1233	0
1234	1
1235	0
1236	0
1237	1
1238	1
1239	0
1240	1
1241	1
1242	1
1243	1
1244	0
1245	0
1246	1
1247	1
1248	1
1249	0
1250	1
1251	1
1252	1
1253	1
1254	1
1255	1
1256	1
1257	0
1258	0
1259	1
1260	1
1261	1
1262	1
1263	1
1264	1
1265	1
1266	1
1267	1
1268	0
1269	0
1270	1
1271	1
1272	1
1273	1
1274	1
1275	0
1276	1
1277	1
1278	1
1279	1
1280	0
1281	1
1282	1
1283	1
1284	1
1285	1
1286	1
1287	1
1288	0
1289	1
1290	1
1291	1
1292	1
1293	1
1294	1
1295	1
1296	1
1297	0
1298	1
1299	1
1300	1
1301	1
1302	1
1303	1
1304	0
1305	0
1306	1
1307	1
1308	1
1309	1
1310	1
1311	1
1312	1
1313	1
1314	1
1315	1
1316	1
1317	1
1318	1
1319	0
1320	1
1321	0
1322	1
1323	1
1324	0
1325	1
1326	0
1327	1
1328	1
1329	1
1330	1
1331	1
1332	1
1333	1
1334	1
1335	0
1336	0
1337	1
1338	1
1339	1
1340	0
1341	1
1342	1
1343	1
1344	1
1345	1
1346	0
1347	0
1348	1
1349	0
1350	1
1351	1
1352	1
1353	0
1354	0
1355	0
1356	1
1357	1
1358	1
1359	1
1360	0
1361	0
1362	1
1363	1
1364	1
1365	1
1366	0
1367	1
1368	1
1369	0
1370	0
1371	1
1372	1
1373	1
1374	1
1375	1
1376	1
1377	1
1378	1
1379	1
1380	0
1381	1
1382	1
1383	0
1384	1
1385	1
1386	1
1387	1
1388	0
1389	1
1390	1
1391	1
1392	1
1393	1
1394	0
1395	1
1396	1
1397	1
1398	1
1399	0
1400	1
1401	1
1402	1
1403	1
1404	1
1405	1
1406	1
1407	1
1408	0
1409	0
1410	1
1411	1
1412	1
1413	1
1414	0
1415	1
1416	1
1417	1
1418	0
1419	0
1420	0
1421	1
1422	1
1423	1
1424	1
1425	1
1426	0
1427	0
1428	1
1429	1
1430	1
1431	0
1432	0
1433	1
1434	1
1435	0
1436	1
1437	1
1438	1
1439	1
1440	0
1441	1
1442	0
1443	1
1444	0
1445	0
1446	1
1447	0
1448	1
1449	1
1450	1
1451	1
1452	1
1453	1
1454	1
1455	1
1456	1
1457	1
1458	0
1459	1
1460	1
1461	1
1462	1
1463	1
1464	0
1465	1
1466	1
1467	1
1468	1
1469	1
1470	1
1471	1
1472	0
1473	1
1474	0
1475	1
1476	1
1477	1
1478	1
1479	1
1480	1
1481	1
1482	1
1483	1
1484	1
1485	1
1486	1
1487	1
1488	1
1489	0
1490	0
1491	0
1492	1
1493	0
1494	1
1495	1
1496	0
1497	1
1498	0
1499	0
1500	1
1501	1
1502	1
1503	1
1504	1
1505	1
1506	1
1507	0
1508	0
1509	1
1510	1
1511	0
1512	1
1513	1
1514	1
1515	1
1516	1
1517	0
1518	1
1519	1
1520	0
1521	1
1522	1
1523	1
1524	1
1525	1
1526	1
1527	1
1528	1
1529	1
1530	1
1531	0
1532	1
1533	1
1534	1
1535	0
1536	1
1537	1
1538	1
1539	1
1540	1
1541	1
1542	1
1543	1
1544	0
1545	1
1546	0
1547	1
1548	1
1549	1
1550	0
1551	1
1552	1
1553	1
1554	0
1555	1
1556	1
1557	1
1558	1
1559	1
1560	1
1561	1
1562	0
1563	1
1564	0
1565	1
1566	1
1567	1
1568	0
1569	0
1570	1
1571	1
1572	1
1573	0
1574	0
1575	1
1576	1
1577	1
1578	0
1579	1
1580	1
1581	1
1582	1
1583	1
1584	1
1585	1
1586	1
1587	1
1588	0
1589	1
1590	1
1591	1
1592	1
1593	1
1594	0
1595	1
1596	1
1597	1
1598	1
1599	1
1600	1
1601	1
1602	1
1603	1
1604	1
1605	0
1606	1
1607	0
1608	1
1609	1
1610	1
1611	1
1612	1
1613	0
1614	1
1615	1
1616	1
1617	1
1618	1
1619	0
1620	1
1621	1
1622	1
1623	1
1624	1
1625	1
1626	1
1627	1
1628	1
1629	0
1630	1
1631	1
1632	0
1633	1
1634	0
1635	1
1636	0
1637	1
1638	1
1639	0
1640	1
1641	1
1642	1
1643	1
1644	1
1645	1
1646	1
1647	0
1648	1
1649	1
1650	1
1651	1
1652	1
1653	0
1654	0
1655	1
1656	1
1657	1
1658	1
1659	1
1660	1
1661	1
1662	0
1663	1
1664	1
1665	1
1666	1
1667	1
1668	1
1669	0
1670	1
1671	1
1672	1
1673	1
1674	1
1675	1
1676	1
1677	0
1678	1
1679	1
1680	0
1681	1
1682	1
1683	1
1684	1
1685	1
1686	1
1687	1
1688	0
1689	0
1690	1
1691	1
1692	0
1693	1
1694	1
1695	1
1696	1
1697	1
1698	1
1699	1
1700	1
1701	0
1702	1
1703	0
1704	1
1705	1
1706	1
1707	0
1708	1
1709	1
1710	0
1711	1
1712	1
1713	1
1714	0
1715	1
1716	1
1717	1
1718	1
1719	0
1720	1
1721	1
1722	1
1723	0
1724	0
1725	1
1726	0
1727	1
1728	1
1729	1
1730	1
1731	1
1732	0
1733	1
1734	1
1735	0
1736	1
1737	1
1738	1
1739	1
1740	1
1741	1
1742	0
1743	0
1744	1
1745	1
1746	1
1747	1
1748	1
1749	1
1750	1
1751	1
1752	1
1753	1
1754	0
1755	1
1756	0
1757	1
1758	1
1759	0
1760	0
1761	0
1762	1
1763	1
1764	1
1765	1
1766	0
1767	1
1768	1
1769	1
1770	0
1771	1
1772	1
1773	1
1774	1
1775	0
1776	1
1777	0
1778	0
1779	1
1780	0
1781	0
1782	1
1783	1
1784	0
1785	1
1786	1
1787	1
1788	0
1789	1
1790	1
1791	1
1792	1
1793	1
1794	1
1795	1
1796	1
1797	1
1798	1
1799	1
1800	1
1801	1
1802	1
1803	1
1804	1
1805	1
1806	1
1807	0
1808	1
1809	1
1810	0
1811	1
1812	1
1813	1
1814	1
1815	0
1816	1
1817	1
1818	0
1819	0
1820	1
1821	1
1822	1
1823	1
1824	1
1825	1
1826	0
1827	1
1828	1
1829	0
1830	1
1831	0
1832	1
1833	0
1834	1
1835	0
1836	1
1837	0
1838	1
1839	0
1840	1
1841	1
1842	1
1843	1
1844	1
1845	0
1846	1
1847	1
1848	1
1849	1
1850	1
1851	0
1852	0
1853	1
1854	0
1855	1
1856	1
1857	1
1858	1
1859	0
1860	1
1861	1
1862	1
1863	1
1864	1
1865	0
1866	1
1867	1
1868	1
1869	1
1870	1
1871	1
1872	1
1873	1
1874	1
1875	1
1876	1
1877	1
1878	1
1879	1
1880	1
1881	1
1882	0
1883	1
1884	1
1885	1
1886	1
1887	1
1888	1
1889	1
1890	1
1891	1
1892	1
1893	0
1894	1
1895	1
1896	1
1897	1
1898	1
1899	1
1900	1
1901	1
1902	0
1903	0
1904	1
1905	1
1906	1
1907	0
1908	1
1909	1
1910	1
1911	0
1912	1
1913	0
1914	1
1915	1
1916	1
1917	1
1918	1
1919	0
1920	1
1921	1
1922	1
1923	1
1924	1
1925	0
1926	0
1927	0
1928	1
1929	1
1930	0
1931	0
1932	0
1933	1
1934	0
1935	1
1936	1
1937	1
1938	1
1939	0
1940	1
1941	1
1942	1
1943	1
1944	1
1945	1
1946	0
1947	1
1948	1
1949	1
1950	1
1951	1
1952	1
1953	0
1954	1
1955	1
1956	1
1957	1
1958	1
1959	1
1960	1
1961	1
1962	1
1963	1
1964	1
1965	1
1966	1
1967	0
1968	1
1969	1
1970	1
1971	1
1972	0
1973	1
1974	0
1975	0
1976	0
1977	1
1978	1
1979	1
1980	1
1981	1
1982	1
1983	1
1984	0
1985	1
1986	0
1987	0
1988	1
1989	1
1990	1
1991	0
1992	0
1993	0
1994	1
1995	1
1996	0
1997	1
1998	1
1999	1
2000	1
2001	1
2002	1
2003	1
2004	1
2005	1
2006	0
2007	1
2008	1
2009	1
2010	1
2011	1
2012	1
2013	1
2014	1
2015	1
2016	0
2017	0
2018	1
2019	1
2020	1
2021	0
2022	0
2023	1
2024	1
2025	0
2026	1
2027	1
2028	1
2029	1
2030	1
2031	1
2032	1
2033	1
2034	1
2035	1
2036	1
2037	1
2038	1
2039	1
2040	1
2041	1
2042	1
2043	1
2044	1
2045	0
2046	1
2047	1
2048	1
2049	1
2050	1
2051	1
2052	1
2053	1
2054	1
2055	1
2056	1
2057	0
2058	1
2059	1
2060	0
2061	1
2062	1
2063	1
2064	1
2065	1
2066	0
2067	0
2068	1
2069	1
2070	1
2071	1
2072	1
2073	1
2074	1
2075	1
2076	1
2077	0
2078	0
2079	0
2080	1
2081	0
2082	1
2083	0
2084	1
2085	1
2086	1
2087	1
2088	0
2089	1
2090	1
2091	1
2092	1
2093	0
2094	0
2095	1
2096	1
2097	0
2098	1
2099	1
2100	1
2101	1
2102	0
2103	1
2104	1
2105	1
2106	1
2107	1
2108	1
2109	1
2110	1
2111	1
2112	1
2113	1
2114	1
2115	1
2116	1
2117	1
2118	1
2119	1
2120	1
2121	1
2122	1
2123	1
2124	0
2125	1
2126	1
2127	0
2128	1
2129	0
2130	1
2131	1
2132	0
2133	1
2134	1
2135	1
2136	1
2137	1
2138	1
2139	1
2140	1
2141	1
2142	0
2143	1
2144	1
2145	1
2146	1
2147	1
2148	1
2149	1
2150	1
2151	0
2152	1
2153	0
2154	1
2155	1
2156	1
2157	1
2158	1
2159	1
2160	1
2161	1
2162	1
2163	0
2164	1
2165	1
2166	1
2167	1
2168	1
2169	1
2170	0
2171	1
2172	1
2173	1
2174	1
2175	1
2176	1
2177	1
2178	1
2179	1
2180	1
2181	1
2182	1
2183	1
2184	1
2185	1
2186	1
2187	1
2188	1
2189	1
2190	1
2191	1
2192	1
2193	1
2194	0
2195	1
2196	0
2197	0
2198	1
2199	0
2200	1
2201	0
2202	1
2203	1
2204	0
2205	1
2206	0
2207	0
2208	0
2209	1
2210	1
2211	1
2212	1
2213	0
2214	1
2215	1
2216	1
2217	1
2218	0
2219	0
2220	0
2221	1
2222	0
2223	0
2224	1
2225	1
2226	1
2227	1
2228	1
2229	1
2230	1
2231	1
2232	0
2233	1
2234	1
2235	1
2236	1
2237	1
2238	0
2239	1
2240	1
2241	1
2242	1
2243	0
2244	0
2245	1
2246	1
2247	0
2248	1
2249	1
2250	1
2251	1
2252	1
2253	1
2254	0
2255	0
2256	0
2257	0
2258	0
2259	0
2260	1
2261	1
2262	1
2263	1
2264	1
2265	0
2266	1
2267	0
2268	1
2269	1
2270	1
2271	1
2272	1
2273	1
2274	0
2275	1
2276	1
2277	1
2278	0
2279	1
2280	1
2281	1
2282	1
2283	0
2284	0
2285	0
2286	1
2287	0
2288	1
2289	1
2290	1
2291	1
2292	1
2293	1
2294	1
2295	1
2296	1
2297	1
2298	0
2299	1
2300	1
2301	1
2302	1
2303	1
2304	0
2305	0
2306	1
2307	1
2308	1
2309	1
2310	1
2311	0
2312	1
2313	1
2314	1
2315	1
2316	1
2317	0
2318	1
2319	1
2320	1
2321	1
2322	1
2323	0
2324	1
2325	1
2326	1
2327	1
2328	1
2329	1
2330	1
2331	1
2332	1
2333	1
2334	1
2335	1
2336	1
2337	1
2338	1
2339	1
2340	1
2341	1
2342	1
2343	1
2344	1
2345	1
2346	1
2347	1
2348	1
2349	1
2350	0
2351	1
2352	0
2353	1
2354	1
2355	1
2356	1
2357	1
2358	1
2359	1
2360	1
2361	1
2362	1
2363	1
2364	1
2365	1
2366	1
2367	0
2368	1
2369	1
2370	1
2371	1
2372	0
2373	1
2374	0
2375	1
2376	0
2377	1
2378	1
2379	1
2380	0
2381	1
2382	0
2383	1
2384	1
2385	1
2386	1
2387	1
2388	1
2389	1
2390	0
2391	1
2392	0
2393	0
2394	1
2395	1
2396	1
2397	1
2398	1
2399	1
2400	1
2401	1
2402	1
2403	1
2404	1
2405	1
2406	1
2407	1
2408	0
2409	0
2410	1
2411	1
2412	1
2413	1
2414	1
2415	1
2416	0
2417	1
2418	1
2419	1
2420	1
2421	1
2422	0
2423	1
2424	1
2425	0
2426	1
2427	1
2428	0
2429	1
2430	1
2431	1
2432	0
2433	0
2434	0
2435	0
2436	1
2437	0
2438	0
2439	1
2440	1
2441	1
2442	1
2443	1
2444	0
2445	1
2446	1
2447	1
2448	0
2449	1
2450	0
2451	1
2452	0
2453	1
2454	1
2455	0
2456	1
2457	0
2458	1
2459	1
2460	1
2461	0
2462	0
2463	1
2464	0
2465	1
2466	1
2467	1
2468	1
2469	1
2470	1
2471	1
2472	1
2473	1
2474	0
2475	1
2476	1
2477	0
2478	1
2479	1
2480	1
2481	0
2482	1
2483	1
2484	1
2485	1
2486	1
2487	1
2488	1
2489	0
2490	1
2491	0
2492	1
2493	1
2494	1
