0	1
1	0
2	1
3	0
4	1
5	0
6	0
7	0
8	0
9	0
10	1
11	0
12	1
13	0
14	0
15	0
16	0
17	0
18	0
19	0
20	0
21	1
22	0
23	0
24	0
25	1
26	0
27	0
28	0
29	0
30	0
31	0
32	0
33	1
34	1
35	0
36	0
37	0
38	0
39	0
40	0
41	0
42	1
43	1
44	0
45	0
46	0
47	1
48	0
49	1
50	1
51	0
52	0
53	0
54	0
55	0
56	0
57	0
58	0
59	0
60	1
61	0
62	0
63	0
64	0
65	0
66	0
67	0
68	0
69	0
70	0
71	0
72	0
73	1
74	1
75	0
76	1
77	0
78	0
79	0
80	0
81	0
82	0
83	0
84	1
85	1
86	0
87	0
88	1
89	1
90	1
91	0
92	0
93	0
94	0
95	1
96	0
97	0
98	0
99	0
100	0
101	0
102	1
103	0
104	1
105	1
106	1
107	0
108	0
109	0
110	0
111	0
112	1
113	0
114	0
115	0
116	0
117	1
118	0
119	0
120	0
121	1
122	0
123	0
124	1
125	0
126	0
127	1
128	0
129	1
130	0
131	0
132	0
133	0
134	0
135	0
136	0
137	1
138	0
139	0
140	0
141	0
142	1
143	0
144	0
145	1
146	1
147	0
148	0
149	1
150	0
151	1
152	0
153	0
154	0
155	0
156	0
157	1
158	0
159	0
160	0
161	1
162	1
163	0
164	1
165	0
166	1
167	1
168	1
169	0
170	1
171	0
172	0
173	1
174	1
175	0
176	0
177	0
178	0
179	0
180	0
181	0
182	0
183	1
184	1
185	0
186	0
187	1
188	0
189	1
190	0
191	0
192	0
193	0
194	0
195	0
196	0
197	1
198	1
199	0
200	1
201	0
202	0
203	1
204	0
205	0
206	0
207	0
208	1
209	1
210	1
211	0
212	0
213	0
214	1
215	0
216	0
217	0
218	1
219	1
220	0
221	0
222	0
223	0
224	1
225	1
226	0
227	0
228	1
229	0
230	0
231	0
232	0
233	1
234	1
235	1
236	0
237	0
238	0
239	0
240	0
241	0
242	0
243	0
244	0
245	0
246	1
247	1
248	1
249	0
250	0
251	0
252	0
253	0
254	1
255	0
256	0
257	1
258	0
259	0
260	1
261	0
262	1
263	1
264	0
265	1
266	0
267	0
268	0
269	0
270	1
271	0
272	0
273	0
274	0
275	0
276	0
277	0
278	0
279	1
280	0
281	0
282	0
283	1
284	1
285	1
286	0
287	0
288	0
289	1
290	0
291	0
292	1
293	0
294	1
295	0
296	0
297	0
298	0
299	1
300	1
301	0
302	0
303	0
304	0
305	0
306	0
307	1
308	0
309	0
310	0
311	0
312	0
313	0
314	1
315	0
316	0
317	0
318	0
319	0
320	0
321	0
322	1
323	0
324	1
325	1
326	1
327	0
328	0
329	0
330	0
331	0
332	0
333	1
334	0
335	1
336	0
337	0
338	0
339	0
340	0
341	0
342	1
343	0
344	1
345	0
346	0
347	0
348	0
349	1
350	0
351	1
352	0
353	1
354	0
355	1
356	0
357	0
358	1
359	1
360	0
361	1
362	0
363	1
364	1
365	0
366	0
367	0
368	0
369	0
370	0
371	0
372	0
373	0
374	0
375	0
376	0
377	1
378	0
379	0
380	0
381	0
382	0
383	0
384	0
385	1
386	0
387	1
388	1
389	1
390	1
391	0
392	0
393	0
394	0
395	0
396	0
397	0
398	1
399	0
400	0
401	0
402	0
403	0
404	0
405	1
406	0
407	0
408	0
409	1
410	0
411	0
412	1
413	0
414	0
415	1
416	1
417	0
418	1
419	0
420	0
421	0
422	0
423	0
424	0
425	0
426	0
427	1
428	0
429	0
430	0
431	1
432	1
433	0
434	0
435	0
436	0
437	0
438	0
439	1
440	1
441	0
442	0
443	0
444	0
445	1
446	0
447	0
448	0
449	0
450	0
451	1
452	0
453	0
454	0
455	1
456	0
457	0
458	1
459	0
460	0
461	0
462	0
463	1
464	1
465	0
466	1
467	0
468	0
469	1
470	0
471	0
472	0
473	0
474	0
475	0
476	0
477	1
478	0
479	1
480	1
481	0
482	0
483	0
484	0
485	0
486	1
487	0
488	0
489	0
490	1
491	1
492	0
493	0
494	0
495	1
496	0
497	0
498	0
499	0
500	0
501	1
502	0
503	0
504	0
505	0
506	1
507	1
508	0
509	0
510	1
511	1
512	1
513	0
514	1
515	0
516	0
517	1
518	1
519	0
520	0
521	1
522	0
523	1
524	1
525	0
526	1
527	0
528	1
529	1
530	1
531	1
532	1
533	0
534	1
535	0
536	0
537	0
538	1
539	0
540	1
541	1
542	0
543	0
544	0
545	0
546	0
547	1
548	0
549	1
550	1
551	0
552	0
553	1
554	0
555	1
556	0
557	1
558	0
559	0
560	1
561	0
562	1
563	0
564	0
565	1
566	0
567	1
568	0
569	0
570	1
571	0
572	0
573	1
574	0
575	0
576	0
577	1
578	1
579	0
580	0
581	1
582	1
583	0
584	0
585	0
586	0
587	0
588	0
589	0
590	0
591	0
592	1
593	1
594	1
595	0
596	0
597	0
598	0
599	0
600	0
601	0
602	1
603	0
604	1
605	0
606	0
607	0
608	1
609	0
610	0
611	0
612	0
613	0
614	1
615	0
616	0
617	1
618	0
619	1
620	0
621	0
622	0
623	0
624	0
625	0
626	0
627	1
628	0
629	0
630	1
631	0
632	0
633	1
634	0
635	1
636	1
637	0
638	0
639	1
640	1
641	0
642	0
643	0
644	0
645	0
646	1
647	0
648	0
649	0
650	0
651	0
652	0
653	0
654	1
655	1
656	1
657	0
658	0
659	0
660	0
661	0
662	0
663	1
664	1
665	0
666	0
667	0
668	1
669	1
670	1
671	0
672	0
673	0
674	0
675	0
676	0
677	1
678	1
679	0
680	0
681	1
682	0
683	0
684	0
685	1
686	0
687	0
688	0
689	0
690	0
691	1
692	1
693	0
694	0
695	1
696	0
697	0
698	0
699	0
700	0
701	0
702	0
703	0
704	1
705	1
706	0
707	1
708	0
709	1
710	0
711	0
712	0
713	1
714	0
715	0
716	0
717	1
718	0
719	1
720	0
721	0
722	1
723	0
724	0
725	1
726	1
727	1
728	0
729	0
730	0
731	1
732	0
733	1
734	1
735	0
736	1
737	0
738	0
739	1
740	0
741	1
742	0
743	0
744	0
745	0
746	0
747	0
748	0
749	0
750	1
751	1
752	0
753	0
754	0
755	0
756	1
757	0
758	0
759	1
760	0
761	0
762	1
763	1
764	0
765	0
766	1
767	0
768	0
769	1
770	0
771	0
772	0
773	1
774	0
775	1
776	0
777	0
778	0
779	0
780	1
781	0
782	0
783	0
784	0
785	1
786	1
787	0
788	1
789	0
790	0
791	0
792	0
793	0
794	0
795	0
796	1
797	0
798	0
799	0
800	0
801	0
802	0
803	0
804	0
805	0
806	1
807	0
808	0
809	0
810	0
811	0
812	0
813	0
814	0
815	0
816	0
817	0
818	0
819	0
820	1
821	0
822	0
823	1
824	0
825	0
826	0
827	0
828	0
829	0
830	0
831	1
832	0
833	0
834	0
835	0
836	0
837	0
838	1
839	1
840	1
841	1
842	0
843	1
844	1
845	0
846	0
847	0
848	0
849	0
850	0
851	1
852	1
853	0
854	0
855	1
856	0
857	0
858	0
859	0
860	0
861	1
862	0
863	1
864	0
865	1
866	0
867	1
868	0
869	0
870	1
871	1
872	1
873	0
874	0
875	1
876	1
877	0
878	0
879	0
880	1
881	0
882	1
883	0
884	0
885	0
886	0
887	0
888	0
889	0
890	1
891	1
892	1
893	0
894	1
895	0
896	0
897	0
898	0
899	0
900	0
901	0
902	0
903	1
904	0
905	0
906	0
907	0
908	0
909	0
910	0
911	0
912	1
913	1
914	1
915	0
916	0
917	0
918	0
919	0
920	1
921	0
922	0
923	1
924	0
925	0
926	0
927	0
928	1
929	1
930	1
931	0
932	0
933	0
934	0
935	0
936	1
937	0
938	1
939	0
940	0
941	0
942	1
943	0
944	0
945	0
946	0
947	0
948	0
949	1
950	0
951	1
952	1
953	1
954	1
955	1
956	0
957	0
958	1
959	0
960	0
961	0
962	0
963	1
964	1
965	1
966	1
967	1
968	0
969	0
970	0
971	0
972	0
973	1
974	1
975	1
976	0
977	0
978	0
979	0
980	0
981	0
982	1
983	0
984	0
985	0
986	0
987	1
988	0
989	1
990	1
991	0
992	0
993	0
994	1
995	1
996	0
997	0
998	0
999	1
1000	0
1001	1
1002	0
1003	1
1004	0
1005	0
1006	0
1007	0
1008	1
1009	0
1010	0
1011	0
1012	1
1013	0
1014	1
1015	0
