0	-0.949982 -0.918725
1	-0.16889 -0.839174
2	-0.916397 -0.908203
3	-0.475726 -0.905751
4	0.208334 -0.999861
5	-0.623956 -0.919097
6	-0.676085 -0.905828
7	-0.393493 -0.930902
8	0.0585061 -0.954046
9	-0.000690641 -0.940879
10	-0.522132 -0.917712
11	-0.0845592 -0.965347
12	-0.490382 -0.944438
13	-0.597722 -0.913782
14	0.238989 -1.01075
15	-0.163631 -0.940203
16	-0.946094 -0.914855
17	-0.373972 -0.935033
18	-0.836531 -0.901518
19	-0.78365 -0.909811
20	0.181078 -0.987467
21	-1.05708 -0.91415
22	-1.0048 -0.926328
23	-0.819827 -0.921255
24	-1.19746 -0.929481
25	-0.249864 -0.926553
26	-0.888916 -0.910654
27	3.01749 -5.95459
28	-0.687984 -0.881944
29	0.342255 -1.01645
30	-0.869173 -0.909659
31	-0.192338 -0.932204
32	-0.234951 -0.970496
33	-0.796475 -0.911621
34	-0.350104 -0.913455
35	-0.572728 -0.878927
36	-0.492846 -0.922613
37	0.990677 -1.15151
38	-0.324425 -0.917548
39	-0.73673 -0.865559
40	-0.743895 -0.948919
41	-1.03426 -0.898489
42	-0.309123 -0.920987
43	-0.791447 -0.924548
44	-0.518395 -0.929284
45	0.432165 -1.01365
46	-0.780298 -0.891165
47	-0.908399 -0.912842
48	-0.46196 -0.911141
49	0.352782 -1.01206
50	-0.112577 -0.943682
51	-0.286862 -0.943325
52	-0.873077 -0.919144
53	0.569131 -1.06684
54	2.87464 -2.95232
55	0.30259 -0.973546
56	-0.0907168 -0.952382
57	0.665229 -1.09868
58	-0.429276 -0.946768
59	-0.704825 -0.909967
60	-0.699146 -0.925444
61	-0.409359 -0.916049
62	-0.0873621 -0.961284
63	-0.705092 -0.89202
64	0.024811 -0.970259
65	2.07594 -1.74232
66	-0.305239 -0.956846
67	-0.79195 -0.896706
68	-0.696964 -0.908232
69	-0.480954 -0.93048
70	-0.193941 -0.932135
71	-0.818245 -0.918518
72	0.16112 -0.991565
73	0.189161 -0.986666
74	-1.2205 -0.911895
75	-0.764135 -0.926755
76	-0.227181 -0.951559
77	-1.07976 -0.928347
78	0.286823 -0.979419
79	-0.292223 -0.931935
80	-1.39308 -0.92929
81	0.131072 -0.982559
82	-0.773211 -0.907325
83	-0.432853 -0.919951
84	-0.738864 -0.913713
85	-0.859351 -0.916305
86	-0.183056 -0.948383
87	0.232248 -1.00106
88	-0.248572 -0.937203
89	-1.07674 -0.91875
90	-1.08045 -0.914612
91	-1.00298 -0.935656
92	0.776145 -1.10696
93	-0.715887 -0.913343
94	-0.0241447 -0.970589
95	-0.947816 -0.911468
96	-0.675552 -0.920818
97	-0.792639 -0.857538
98	-0.691746 -0.933058
99	2.34335 -5.52541
100	-1.0752 -0.917949
101	-0.491742 -0.933865
102	-1.09151 -0.90679
103	-0.707263 -0.918264
104	0.00330243 -0.949128
105	-0.622857 -0.922122
106	-0.184463 -0.940915
107	-0.620299 -0.916423
108	-0.969716 -0.916783
109	-0.0350839 -0.961184
110	-0.961161 -0.931645
111	-0.922447 -0.908233
112	-0.0874772 -0.954543
113	-0.374471 -0.906083
114	-0.34105 -0.921536
115	-0.176783 -0.888929
116	-0.924377 -0.923344
117	0.390172 -1.01572
118	-0.687891 -0.935144
119	-0.401821 -0.90902
120	-0.367347 -0.945087
121	-1.01592 -0.924334
122	0.314381 -0.975416
123	-1.17173 -0.933565
124	1.93021 -1.78242
125	-0.299906 -0.918424
126	-0.421872 -0.925797
127	-0.110857 -0.978778
128	0.235286 -1.03011
129	-1.12306 -0.923804
130	1.15035 -1.24873
131	0.0279939 -0.985366
132	-0.886482 -0.907585
133	-0.533556 -0.960664
134	2.14412 -2.13907
135	-0.81548 -0.914383
136	-0.141683 -0.938373
137	-0.72928 -0.917841
138	1.40167 -1.29676
139	-0.6005 -0.914759
140	-0.244712 -0.93228
141	0.0854277 -0.966023
142	0.121055 -0.96379
143	-0.301353 -0.915822
144	-0.143676 -0.950534
145	-0.754419 -0.910692
146	0.375544 -0.984881
147	-0.390933 -0.934865
148	-0.485728 -0.919652
149	0.0522439 -0.968506
150	2.1584 -1.83605
151	-0.743011 -0.918297
152	-0.794841 -0.913927
153	-0.0543158 -0.955025
154	-0.243473 -0.921012
155	0.04283 -0.970493
156	-0.80795 -0.909144
157	-0.423125 -0.923958
158	-0.540527 -0.893491
159	-0.401291 -0.934529
160	-0.561429 -0.900785
161	-0.546568 -0.921884
162	-0.276972 -0.923188
163	0.480526 -0.995711
164	-0.0348191 -0.940525
165	0.183235 -0.971804
166	0.022593 -0.951012
167	-0.546296 -0.909329
168	-0.555552 -0.931713
169	-0.780604 -0.926174
170	-0.343887 -0.939382
171	-0.332731 -0.939606
172	-0.363164 -0.921475
173	0.138245 -0.975856
174	-0.0429213 -0.951767
175	-0.172754 -0.937637
176	-0.59971 -0.906546
177	-0.843305 -0.902643
178	-0.907691 -0.923045
179	0.706948 -1.10484
180	-0.615975 -0.913463
181	-0.893941 -0.921254
182	0.694621 -1.09774
183	-0.305383 -0.934148
184	-0.2379 -0.945251
185	-0.862848 -0.915223
186	0.355374 -1.00151
187	-0.540161 -0.911536
188	0.264124 -1.02656
189	-1.14184 -0.921793
190	-0.559822 -0.910887
191	0.409405 -1.01912
192	-0.172136 -0.952308
193	-0.674171 -0.925141
194	-1.0381 -0.812586
195	-1.02088 -0.91636
196	3.04445 -3.15644
197	-0.53544 -0.927059
198	0.86255 -1.09627
199	-1.06727 -0.905385
200	-0.026042 -1.00568
201	-0.360046 -0.92704
202	-0.708763 -0.901409
203	0.0900649 -0.989646
204	0.340178 -1.00273
205	-0.787697 -0.931286
206	-0.0814264 -0.932869
207	-0.988963 -0.942134
208	0.919005 -1.13082
209	1.74619 -1.70372
210	1.16643 -1.20313
211	-0.676195 -0.921686
212	-1.18853 -0.916327
213	0.129051 -0.966043
214	-0.965147 -0.916787
215	-0.762136 -0.916023
216	-0.169497 -0.920675
217	-0.58021 -0.918701
218	0.498726 -1.03435
219	-0.447278 -0.923216
220	-0.590155 -0.904303
221	-0.613988 -0.888054
222	-1.17893 -0.902187
223	0.179229 -0.977688
224	-0.933946 -0.926906
225	-0.535578 -0.931356
226	0.391767 -1.00406
227	-0.50431 -0.934357
228	-0.863226 -0.903748
229	-0.8845 -0.899094
230	-0.882361 -0.917735
231	0.272609 -1.00392
232	1.98823 -5.42797
233	-0.775162 -0.91394
234	-0.621389 -0.929739
235	-0.633847 -0.89684
236	-0.386814 -0.944622
237	-0.679087 -0.907965
238	0.167358 -0.999131
239	-0.442015 -0.917811
240	0.341442 -0.978141
241	-0.0665954 -0.960558
242	-0.933758 -0.887887
243	-1.17355 -0.892273
244	-0.946958 -0.923055
245	-0.942147 -0.926592
246	-0.382497 -0.95236
247	-0.554853 -0.909352
248	-0.862014 -0.917504
249	-0.893195 -0.917831
250	-0.65056 -0.920057
251	-0.874971 -0.902729
252	-0.501717 -0.923109
253	-0.570759 -0.948134
254	-0.890087 -0.914047
255	-0.243041 -0.953038
256	-0.230157 -0.92765
257	-0.156935 -0.95296
258	0.0618254 -0.943141
259	-0.577962 -0.922759
260	-0.259062 -0.97334
261	1.26531 -1.27929
262	-0.484237 -0.925239
263	-0.138193 -0.924704
264	-0.220003 -0.929843
265	-0.0996413 -0.944551
266	-1.04925 -0.925536
267	-0.657553 -0.917522
268	-0.386923 -0.953839
269	-0.596976 -0.907605
270	-0.590795 -0.916636
271	-0.413579 -0.923821
272	-0.0628709 -0.95585
273	-0.423191 -0.89133
274	-0.226462 -0.942458
275	-0.249619 -0.950838
276	-0.663688 -0.912897
277	0.276213 -1.01906
278	-0.517116 -0.925692
279	-1.05689 -0.924614
280	-0.155193 -0.929802
281	-0.9953 -0.903088
282	-0.0913183 -0.976894
283	-0.10588 -0.932473
284	-0.790143 -0.921462
285	0.498242 -1.04218
286	-0.99202 -0.912758
287	-0.307263 -0.966283
288	-0.226185 -0.951148
289	-0.732356 -0.897195
290	0.165278 -0.986099
291	-0.824083 -0.919712
292	-0.117647 -0.945191
293	-0.968354 -0.91593
294	-0.456479 -0.907518
295	0.279815 -1.02947
296	1.0588 -5.24185
297	-0.772388 -0.927193
298	-0.977488 -0.927458
299	0.0419335 -0.988862
300	-0.51482 -0.927982
301	-0.792029 -0.925405
302	-0.949308 -0.906531
303	-0.247472 -0.944369
304	-0.271997 -0.923027
305	-0.62071 -0.910834
306	0.666541 -1.07567
307	-0.55579 -0.94107
308	-0.48905 -0.92347
309	-0.191192 -0.94033
310	-0.829789 -0.916063
311	-0.541309 -0.928261
312	0.0495903 -1.00244
313	0.135995 -0.988926
314	-0.157537 -0.946664
315	-0.694046 -0.9024
316	-0.907099 -0.916598
317	-0.0966252 -0.940584
318	0.0151202 -0.949074
319	-0.859711 -0.894032
320	-0.178635 -0.952884
321	-0.80862 -0.925507
322	-1.0043 -0.921027
323	-0.391185 -0.93626
324	0.522346 -1.0365
325	-0.0564604 -0.957566
326	-0.827491 -0.917091
327	-1.12307 -0.922575
328	-0.510749 -0.926023
329	-0.106586 -0.959278
330	-0.224595 -0.94058
331	-0.322908 -0.916542
332	-0.0398171 -0.943635
333	-0.35257 -0.925538
334	0.179514 -1.0016
335	-0.932504 -0.927237
336	0.498954 -1.03775
337	0.0751865 -1.01856
338	-0.236172 -0.954409
339	-0.949206 -0.924227
340	0.00942162 -0.867318
341	0.569856 -1.03378
342	0.15041 -0.9711
343	-0.449147 -0.92154
344	0.14426 -0.968668
345	2.83953 -2.90228
346	0.0670965 -0.971228
347	-0.0116549 -1.02507
348	-0.324928 -0.925647
349	-1.10195 -0.925225
350	0.154012 -0.923993
351	0.501163 -1.01765
352	-0.0418338 -0.956004
353	0.683991 -1.0977
354	-0.438342 -0.912926
355	-1.07157 -0.923626
356	0.621407 -1.04071
357	-0.75484 -0.923128
358	-0.25931 -0.931505
359	-0.813634 -0.919969
360	-1.39384 -0.921293
361	0.253786 -1.01299
362	-1.12166 -0.91921
363	0.111373 -0.928
364	-0.183148 -0.929472
365	-0.259022 -0.964914
366	-1.18224 -0.92108
367	-0.606965 -0.918173
368	-0.0242165 -0.96399
369	0.0718391 -0.953161
370	-1.29477 -0.934788
371	-0.303319 -0.933136
372	-0.565057 -0.921023
373	-1.21148 -0.924482
374	0.266535 -0.980161
375	-0.570025 -0.914768
376	-1.03764 -0.925914
377	-1.02061 -0.911911
378	-0.539701 -0.921272
379	-0.463901 -0.920435
380	-0.0710083 -0.923238
381	0.463249 -1.02476
382	-0.54923 -0.782199
383	1.07061 -1.12007
384	-0.706346 -0.898767
385	-0.571437 -0.913919
386	-0.871143 -0.929094
387	-0.722058 -0.880111
388	-0.412278 -0.951062
389	-0.107424 -0.956055
390	-0.897479 -0.96716
391	-0.632391 -0.909477
392	2.12692 -2.0914
393	-0.37513 -0.925684
394	0.375302 -1.02047
395	-0.758494 -0.907261
396	-1.10911 -0.926122
397	0.335082 -0.968666
398	0.0860025 -0.92702
399	-0.0206086 -0.944966
400	-0.324958 -0.930433
401	-1.08829 -0.916005
402	-0.90883 -0.923504
403	-0.633381 -0.923514
404	-0.460421 -0.910052
405	-0.40817 -0.930574
406	0.21582 -0.972878
407	-1.18467 -0.915702
408	-0.506116 -0.90604
409	-0.46965 -0.930144
410	-1.21684 -0.914151
411	-0.994855 -0.929068
412	-0.485611 -0.928669
413	-0.720206 -0.911982
414	-0.625495 -0.919225
415	0.038634 -0.934051
416	-0.215359 -0.934499
417	-0.366013 -0.935448
418	-0.792722 -0.919151
419	-0.619937 -0.904274
420	-0.0621983 -0.942985
421	-0.640392 -0.910827
422	-0.719263 -0.934436
423	0.0930598 -0.976495
424	-0.953447 -0.921551
425	0.0243156 -0.950934
426	-0.648076 -0.922208
427	0.419824 -0.999762
428	-0.525344 -0.923028
429	-1.20496 -0.91268
430	-0.651485 -0.926135
431	0.11403 -0.958031
432	-0.513208 -0.923252
433	-0.224487 -0.907824
434	-0.221182 -0.897158
435	0.528906 -1.06544
436	-0.207607 -0.924842
437	-0.468177 -0.940998
438	-0.146722 -0.982016
439	-0.462968 -0.931762
440	-0.98903 -0.928792
441	-0.369473 -0.91182
442	0.930811 -1.13729
443	-0.263441 -0.93081
444	-0.873645 -0.904647
445	0.288782 -1.00713
446	0.094931 -1.01698
447	-0.718227 -0.881529
448	1.12237 -5.15727
449	-0.807539 -0.894007
450	-0.299241 -0.932212
451	0.418565 -1.03863
452	-0.710781 -0.91531
453	-0.311554 -0.927331
454	0.558055 -1.07046
455	0.278977 -1.00042
456	-0.735159 -0.921385
457	-1.10141 -0.924486
458	-1.26629 -0.931343
459	-1.01892 -0.91178
460	-0.175513 -0.944545
461	0.26031 -0.981383
462	-1.08645 -0.917327
463	-0.953207 -0.913951
464	-0.990028 -0.917644
465	-1.02044 -0.905306
466	-0.760235 -0.921755
467	-0.239044 -0.925152
468	-0.8046 -0.932471
469	-0.37348 -0.94055
470	-0.478682 -0.889441
471	-0.115274 -0.942023
472	-0.11985 -0.932002
473	-0.655505 -0.888181
474	-0.910915 -0.922341
475	-0.871804 -0.90652
476	-0.482305 -0.917225
477	-0.290632 -0.932257
478	2.75214 -2.72344
479	-0.940119 -0.927432
480	-0.492959 -0.915999
481	-0.0808176 -0.95645
482	-0.384883 -0.920846
483	1.01523 -1.15415
484	-0.441858 -0.910891
485	0.147137 -0.990256
486	-0.428854 -0.921319
487	0.0762424 -1.03505
488	3.0113 -3.05388
489	-0.943759 -0.918738
490	-0.502698 -0.92807
491	-0.859964 -0.90619
492	2.22281 -2.14084
493	0.00457051 -0.951415
494	0.393596 -0.975985
495	-0.673265 -0.918183
496	-0.0319036 -0.96346
497	-1.22227 -0.914205
498	-0.785453 -0.9278
499	0.178129 -0.96132
500	0.956259 -1.17436
501	-0.624114 -0.918611
502	-1.11931 -0.917269
503	-0.946608 -0.88836
504	-0.104497 -0.951152
505	-0.85964 -0.915653
506	-0.901188 -0.910682
507	-0.122287 -0.954947
508	2.36954 -5.56464
509	0.298378 -1.00249
510	2.80789 -2.79621
511	-0.113793 -0.95854
512	-0.0324495 -0.95024
513	-0.23012 -0.928159
514	-0.661382 -0.91001
515	-0.520593 -0.948021
516	-0.411956 -0.93556
517	-0.80593 -0.926149
518	-0.378556 -0.944252
519	-0.199974 -0.95444
520	-0.225499 -0.928676
521	0.457708 -1.0272
522	-0.239435 -0.940509
523	-0.314997 -0.902607
524	-1.08736 -0.927539
525	-0.238796 -0.935007
526	-0.494813 -0.923082
527	-0.660016 -0.920933
528	0.0106851 -0.953421
529	0.873895 -1.13828
530	-0.171334 -0.947125
531	-0.200561 -0.906915
532	-0.530378 -0.914057
533	-0.224217 -0.95115
534	0.134298 -1.01197
535	-0.819929 -0.910054
536	0.410402 -1.01458
537	0.977654 -1.1566
538	-0.800085 -0.934604
539	0.246182 -1.04277
540	1.74045 -1.47109
541	-0.443144 -0.927755
542	0.771571 -1.10745
543	-0.685639 -0.922613
544	-0.654355 -0.928957
545	0.247073 -1.00338
546	-0.267131 -0.947002
547	-0.717242 -0.898077
548	-1.1572 -0.910306
549	0.498947 -1.05092
550	-0.512368 -0.87486
551	0.467805 -1.03781
552	-0.22836 -0.957247
553	1.9438 -1.65197
554	0.500967 -1.03022
555	-0.0513704 -0.941226
556	-0.769091 -0.920142
557	0.669167 -1.09478
558	-0.0532044 -0.939526
559	0.552292 -1.05974
560	-1.01629 -0.913957
561	-0.534182 -0.935522
562	-0.0839482 -0.961019
563	0.212071 -0.940457
564	-0.737241 -0.913818
565	-0.0575328 -0.94309
566	-0.379795 -0.931008
567	-0.91532 -0.896685
568	-0.910997 -0.93832
569	0.50719 -1.04376
570	-0.544843 -0.926743
571	-1.04901 -0.877222
572	-0.900687 -0.91366
573	-0.117036 -0.939874
574	-0.398733 -0.906829
575	-0.128926 -0.958099
576	-0.400245 -0.927766
577	-0.418216 -0.913977
578	-0.214145 -0.959738
579	-0.105589 -0.906289
580	-0.453171 -0.941538
581	-0.58212 -0.891499
582	0.142934 -0.972852
583	-0.564367 -0.922393
584	-0.203639 -0.938076
585	0.161146 -0.976642
586	-1.08605 -0.917872
587	-0.848177 -0.925594
588	-0.382954 -0.938834
589	-0.543284 -0.916095
590	-0.238695 -0.916268
591	-0.831669 -0.930291
592	-0.482066 -0.923069
593	2.27565 -2.31509
594	-0.777893 -0.921256
595	0.0389456 -0.95833
596	-0.443594 -0.920885
597	-0.635982 -0.894616
598	-0.294872 -0.936988
599	-0.089029 -0.951575
600	0.733738 -1.11426
601	-0.389064 -0.922647
602	0.652104 -1.06453
603	-0.735901 -0.922367
604	-0.157765 -0.91553
605	-0.407357 -0.923156
606	-0.805209 -0.913629
607	-0.932686 -0.904798
608	-0.587759 -0.91751
609	-1.1454 -0.897204
610	-0.110091 -0.950413
611	-0.30316 -0.92065
612	0.688789 -1.05391
613	0.641982 -1.07781
614	0.237432 -0.9831
615	-0.531975 -0.913561
616	-1.01207 -0.909112
617	-1.36244 -0.915788
618	1.08575 -1.1673
619	-0.0918505 -0.954068
620	-0.973064 -0.927185
621	0.160374 -0.968769
622	-0.0986305 -0.95027
623	-0.32297 -0.920763
624	-0.493619 -0.913458
625	-0.489055 -0.925606
626	0.200044 -0.985614
627	-0.442757 -0.917572
628	-0.589472 -0.922578
629	-0.445204 -0.931206
630	-1.30904 -0.933297
631	-0.274367 -0.918716
632	0.775761 -1.125
633	2.00925 -5.45935
634	2.64679 -2.63624
635	-0.59914 -0.903691
636	-0.731378 -0.902877
637	-1.05861 -0.919129
638	-0.00488383 -0.962722
639	-0.675687 -0.918463
640	0.222491 -0.992667
641	-0.380893 -0.927498
642	-0.61575 -0.921042
643	-0.597648 -0.91817
644	-0.607896 -0.888698
645	-0.369463 -0.917294
646	-0.152511 -0.979206
647	0.278873 -1.00409
648	1.30481 -1.25721
649	0.707191 -1.03624
650	0.167054 -0.96895
651	0.0143599 -1.00959
652	-0.399355 -0.936994
653	-0.00721904 -0.971218
654	-0.557645 -0.920421
655	-0.990603 -0.918557
656	-1.24106 -0.928156
657	0.0167017 -0.979702
658	-0.649226 -0.916975
659	-0.455235 -0.937321
660	-0.512644 -0.923451
661	0.610071 -1.04714
662	-0.816094 -0.915585
663	0.684747 -1.06863
664	-0.0207532 -0.958082
665	2.10548 -1.76674
666	-0.217471 -0.948341
667	-0.45099 -0.932623
668	-0.618234 -0.925998
669	-0.592393 -0.935031
670	-0.598011 -0.925325
671	-0.961768 -0.925311
672	-0.534973 -0.883234
673	-0.88637 -0.917885
674	-0.744121 -0.90652
675	-1.01515 -0.899694
676	-0.37538 -0.928861
677	0.692197 -1.08429
678	-0.775839 -0.911152
679	-0.107585 -0.946008
680	-0.0732037 -0.951343
681	-0.497367 -0.915627
682	-0.138388 -0.945735
683	-0.95373 -0.910811
684	-0.303864 -0.930541
685	-0.515654 -0.923436
686	-0.0198336 -0.956299
687	-0.673417 -0.930597
688	-0.541552 -0.890977
689	-0.203396 -0.952914
690	-0.816817 -0.894034
691	-0.521876 -0.922957
692	-0.317615 -0.915599
693	-0.440348 -0.943258
694	-0.202665 -0.96741
695	-0.155763 -0.979753
696	-1.07866 -0.92292
697	-0.30336 -0.918321
698	-0.110768 -0.944814
699	0.267218 -0.98791
700	-1.0533 -0.927632
701	-0.054721 -0.930881
702	-0.871976 -0.906677
703	0.458538 -1.01595
704	-0.272243 -0.919754
705	-1.02872 -0.91703
706	0.310394 -1.00863
707	-1.13164 -0.930269
708	-0.335123 -0.908673
709	0.340548 -0.994342
710	0.0169542 -0.97596
711	-1.20859 -0.906051
712	0.0542068 -0.959196
713	-0.66087 -0.903068
714	-0.772907 -0.907951
715	-1.25323 -0.912361
716	-0.126408 -0.941215
717	-0.0512019 -0.93613
718	-0.515905 -0.906988
719	0.0966403 -0.969864
720	1.07919 -5.19767
721	0.00451303 -0.933314
722	0.0476156 -0.949023
723	-0.285717 -0.92661
724	-0.340448 -0.937204
725	-0.0489066 -0.938229
726	-0.745038 -0.901967
727	-0.829435 -0.914521
728	-0.229973 -0.931932
729	-0.452723 -0.917293
730	-0.364892 -0.934164
731	-0.876016 -0.921987
732	-0.924236 -0.908212
733	2.11693 -2.06669
734	-0.398282 -0.923343
735	-0.608965 -0.908046
736	-0.0932407 -0.963449
737	-0.18189 -0.9435
738	-0.455582 -0.933698
739	-0.67383 -0.919558
740	-0.522797 -0.919648
741	0.12329 -0.951559
742	-0.0248286 -0.960072
743	-0.554013 -0.916511
744	-0.178372 -0.921537
745	0.129155 -0.990215
746	0.469961 -1.04037
747	-0.774891 -0.918308
748	0.270065 -1.00005
749	0.272466 -0.999205
750	-0.600492 -0.910821
751	-0.570102 -0.906052
752	0.393595 -0.962249
753	-0.165766 -0.941195
754	-0.750563 -0.907132
755	-0.101457 -0.952604
756	-0.676627 -0.918347
757	-0.286569 -0.952379
758	-0.335056 -0.928603
759	-1.07769 -0.911755
760	-0.212795 -0.958361
761	-0.868544 -0.925167
762	-0.184402 -0.935744
763	-0.0642779 -0.967955
764	-0.370849 -0.932325
765	-0.379172 -0.899763
766	-0.359329 -0.908999
767	-0.401833 -0.907075
768	-0.253667 -0.944173
769	-0.694774 -0.91858
770	-0.0082105 -0.987807
771	-0.323609 -0.941704
772	-0.229656 -0.936487
773	0.0167194 -0.934863
774	-1.01899 -0.896676
775	-0.671043 -0.954981
776	-0.0633046 -0.955242
777	-0.942165 -0.910855
778	-0.614843 -0.913235
779	-0.0479799 -0.960222
780	-1.07191 -0.923641
781	-0.0311785 -0.955373
782	-0.987919 -0.905597
783	-1.13032 -0.906581
784	-0.315573 -0.925002
785	-0.430705 -0.928135
786	-0.391765 -0.938815
787	-0.0911536 -0.948277
788	-0.0157865 -0.947197
789	-0.83352 -0.886826
790	-0.736618 -0.907268
791	-0.596267 -0.914472
792	-0.0250906 -0.962093
793	-0.830454 -0.916921
794	-0.501165 -0.922905
795	-0.0619284 -0.955677
796	-0.998666 -0.924264
797	0.0680612 -0.949512
798	0.191515 -0.967792
799	-0.166596 -0.94524
800	-0.578636 -0.917581
801	0.368056 -1.00094
802	-0.477918 -0.926285
803	-0.621833 -0.913782
804	-1.01938 -0.919136
805	0.0112457 -0.956255
806	-0.621163 -0.89994
807	-0.215601 -0.941039
808	-0.545984 -0.924289
809	-0.744165 -0.909556
810	-0.329993 -0.918666
811	0.0733414 -0.988398
812	-0.00932865 -0.954123
813	-0.584181 -0.923119
814	-0.1796 -0.937887
815	-0.703806 -0.89603
816	-0.432409 -0.923121
817	0.118597 -0.970568
818	-0.934704 -0.92474
819	-0.0161036 -0.9374
820	-0.136903 -0.958068
821	-0.832863 -0.915245
822	-0.23698 -0.952263
823	-0.443879 -0.925011
824	-0.321868 -0.932035
825	-0.558801 -0.9219
826	-0.60799 -0.902297
827	-0.312309 -0.941611
828	-0.0144867 -0.941577
829	-0.694995 -0.925007
830	-0.260215 -0.931962
831	0.144674 -0.951738
832	-0.545916 -0.907284
833	-0.499792 -0.911542
834	0.22897 -0.991161
835	-0.772806 -0.924017
836	-0.554203 -0.919679
837	-0.805969 -0.921657
838	1.10534 -5.16083
839	-0.237467 -0.9421
840	-0.340883 -0.913588
841	-0.0973493 -0.935454
842	-0.843227 -0.927187
843	-0.110412 -0.949248
844	-0.186575 -0.929363
845	-1.05506 -0.920771
846	2.30499 -2.27841
847	-0.770696 -0.904634
848	0.0247342 -0.947718
849	-0.312919 -0.921189
850	-0.488527 -0.91739
851	0.721598 -1.10069
852	-1.00575 -0.923759
853	-0.450158 -0.915712
854	1.38995 -1.3213
855	-0.29773 -0.915529
856	-0.381372 -0.94701
857	-0.49196 -0.926849
858	0.3616 -1.02904
859	-0.851409 -0.915515
860	-0.46245 -0.925726
861	0.10973 -0.962264
862	0.454702 -1.06245
863	-1.09169 -0.921994
864	-0.26755 -0.940105
865	-0.5937 -0.923046
866	-0.8463 -0.904607
867	0.494811 -1.02535
868	-0.587312 -0.9157
869	0.0545937 -1.023
870	-0.812513 -0.912858
871	-0.658401 -0.919143
872	-1.03621 -0.919775
873	-0.857382 -0.918616
874	0.449831 -1.03898
875	-0.444244 -0.894192
876	-0.294201 -0.936249
877	-0.579169 -0.919033
878	-0.811832 -0.910883
879	-0.671585 -0.974272
880	2.65549 -2.68673
881	-0.635972 -0.937223
882	-0.804872 -0.953217
883	0.143195 -0.970889
884	-0.0893827 -0.97102
885	-1.15421 -0.929737
886	-0.0864574 -0.952792
887	-0.42494 -0.939185
888	-1.01361 -0.925726
889	-0.562889 -0.923613
890	-1.14094 -0.911684
891	-0.394719 -0.932849
892	-0.303423 -0.940743
893	-0.48549 -0.912714
894	-0.282192 -0.911815
895	-0.163401 -0.930748
896	-0.104324 -0.944611
897	-0.839404 -0.914525
898	1.13209 -1.23809
899	-0.784331 -0.912359
900	1.19533 -1.2026
901	-0.49641 -0.914212
902	-0.744006 -0.915523
903	-1.08077 -0.926413
904	-0.227633 -0.949095
905	-0.298209 -0.990879
906	0.534392 -0.988631
907	-1.03483 -0.923402
908	-0.644249 -0.918776
909	-0.296403 -0.927028
910	-0.649518 -0.893838
911	-0.199433 -0.940948
912	0.442799 -1.00943
913	-0.533519 -0.923815
914	-0.280462 -0.939218
915	0.556303 -1.05216
916	0.285948 -0.993966
917	-0.610661 -0.904487
918	-1.16187 -0.917089
919	-0.420375 -0.89546
920	-0.352316 -0.940256
921	-0.298881 -0.933845
922	-0.704859 -0.913967
923	0.506234 -1.05244
924	-0.664396 -0.895344
925	2.11694 -2.10926
926	-0.865356 -0.916462
927	-0.725454 -0.919738
928	-0.46384 -0.920714
929	-1.07504 -0.917599
930	-0.106742 -0.944659
931	-0.164784 -0.936163
932	2.51279 -2.47354
933	-0.725415 -0.900578
934	-0.359656 -0.930767
935	-0.693539 -0.938308
936	-0.523207 -0.927394
937	-0.414886 -0.919122
938	-0.673286 -0.90475
939	-0.595513 -0.92635
940	-0.883797 -0.903235
941	-0.709204 -0.892262
942	-0.452246 -0.928052
943	-0.00886851 -0.937667
944	-0.807649 -0.918719
945	-0.156278 -0.912999
946	-0.430098 -0.936976
947	-0.212536 -0.922334
948	0.319593 -0.993348
949	-0.574403 -0.904628
950	-0.301487 -0.91103
951	-0.307363 -0.940656
952	-0.988225 -0.914293
953	-0.713541 -0.927117
954	-1.02445 -0.925954
955	-0.421148 -0.919675
956	-0.168339 -0.918913
957	0.550547 -1.02255
958	-0.727495 -0.927426
959	3.09979 -3.21433
960	-0.0269512 -0.966125
961	-1.04861 -0.924294
962	-0.887523 -0.916296
963	-0.561635 -0.911441
964	0.0600889 -0.991462
965	-0.76355 -0.900501
966	0.545004 -1.03289
967	1.56964 -1.4767
968	-0.174506 -0.928806
969	-0.449629 -0.929065
970	-0.511546 -0.918165
971	-0.729973 -0.900002
972	-0.627482 -0.915182
973	-0.0354675 -0.905475
974	-0.524457 -0.904565
975	2.46316 -2.42265
976	-0.5269 -0.958095
977	-0.774209 -0.909489
978	-0.0694726 -0.952023
979	-0.412138 -0.937015
980	-0.771452 -0.949448
981	-1.12175 -0.912277
982	-0.493581 -0.93006
983	-0.618821 -0.920072
984	-0.809888 -0.919246
985	-0.228919 -0.934389
986	-0.0502801 -0.945168
987	2.91067 -5.86768
988	-0.0980082 -0.960318
989	0.00513439 -0.967628
990	-0.877541 -0.931514
991	-0.523039 -0.918556
992	-0.816236 -0.896533
993	-0.687743 -0.926795
994	-0.159095 -0.900447
995	-0.68626 -0.913442
996	-0.933257 -0.922257
997	0.516751 -1.04332
998	-0.324692 -0.94518
999	-0.373295 -0.921061
1000	-0.70536 -0.914827
1001	-0.888667 -0.89796
1002	-0.272003 -0.960189
1003	-0.646386 -0.904803
1004	-0.556033 -0.914334
1005	-0.925517 -0.920433
1006	0.551976 -1.06965
1007	-1.22862 -0.92322
1008	0.32006 -1.00804
1009	1.29628 -1.27232
1010	-0.611776 -0.903368
1011	2.30884 -2.22132
1012	-0.760173 -0.917901
1013	-0.452375 -0.928234
1014	-0.206982 -0.940221
1015	0.00819768 -0.966259
1016	2.16558 -2.1663
1017	-1.00558 -0.908806
1018	-0.872903 -0.908873
1019	0.424399 -1.00858
1020	-1.09175 -0.926436
1021	-0.579532 -0.910639
1022	-0.725993 -0.850176
1023	0.622088 -1.07459
1024	-0.870297 -0.921243
1025	-1.01779 -0.920595
1026	0.154604 -0.981188
1027	-0.9615 -0.90087
1028	-1.06813 -0.919237
1029	-0.499423 -0.927535
1030	-0.908709 -0.906059
1031	-0.380928 -0.924177
1032	0.17266 -0.956418
1033	-0.743064 -0.917376
1034	-0.560073 -0.942039
1035	2.16568 -2.09375
1036	-0.333808 -0.92255
1037	-0.480026 -0.927013
1038	-0.43963 -0.936821
1039	-0.435505 -0.926706
1040	-0.311636 -0.938787
1041	-0.115171 -0.954856
1042	-0.98762 -0.92468
1043	-0.375092 -0.93089
1044	-0.702551 -0.927395
1045	-0.77925 -0.922791
1046	-0.275811 -0.922614
1047	-0.317163 -0.924074
1048	-0.0565371 -0.955649
1049	0.207772 -0.996153
1050	-1.05127 -0.905847
1051	-0.0287037 -0.993219
1052	-0.410488 -0.910101
1053	-0.715213 -0.931528
1054	-0.548181 -0.922193
1055	0.132088 -0.968231
1056	0.214048 -0.992191
1057	0.0101616 -0.991703
1058	-0.854939 -0.922718
1059	-0.834626 -0.931557
