0	-1.01414 -0.855526
1	-0.113433 -0.848576
2	-0.865825 -0.846151
3	-0.542472 -0.871883
4	0.0794127 -0.998298
5	-0.661833 -0.87737
6	-0.904404 -0.841414
7	-0.490672 -0.905556
8	0.270303 -1.0101
9	-0.00240952 -0.955495
10	-0.540296 -0.885233
11	-0.0568437 -0.973851
12	-0.558422 -0.90656
13	-0.647122 -0.87726
14	0.109352 -1.00592
15	-0.233063 -0.931071
16	-0.998113 -0.85691
17	-0.44295 -0.908866
18	-0.687523 -0.858756
19	-0.849159 -0.861496
20	0.140468 -0.996842
21	-1.03187 -0.833833
22	-0.986317 -0.876951
23	-0.830556 -0.870062
24	-1.29005 -0.86139
25	-0.299163 -0.909459
26	-0.936178 -0.862298
27	2.18404 -5.6567
28	-0.668916 -0.859228
29	0.256655 -1.03278
30	-0.938515 -0.856791
31	-0.207935 -0.930921
32	-0.722846 -0.916322
33	-0.790506 -0.862784
34	-0.145315 -0.923949
35	-0.161387 -0.910286
36	-0.56116 -0.891552
37	0.380515 -1.03819
38	-0.212446 -0.929224
39	-0.83806 -0.868686
40	-0.642278 -0.913949
41	-1.25762 -0.833765
42	-0.161438 -0.932725
43	-0.779271 -0.875245
44	-0.565687 -0.899751
45	0.440644 -1.06709
46	-1.0433 -0.838679
47	-0.898297 -0.852717
48	-0.50498 -0.883836
49	0.246722 -1.03249
50	-0.213137 -0.936576
51	-0.216882 -0.936541
52	-0.943389 -0.86523
53	0.491548 -1.10562
54	2.36876 -2.79365
55	0.212691 -0.994187
56	-0.135298 -0.951748
57	0.453711 -1.09703
58	-0.468952 -0.918106
59	-0.738424 -0.867621
60	-0.809809 -0.878481
61	-0.455085 -0.887408
62	-0.135113 -0.959204
63	-0.539846 -0.883434
64	-0.104843 -0.959346
65	1.92688 -1.93176
66	-0.218579 -0.954814
67	-0.927962 -0.842724
68	-0.653911 -0.856324
69	-0.591857 -0.89534
70	-0.218419 -0.922121
71	-0.853611 -0.861845
72	0.158827 -1.01423
73	0.0783227 -0.98804
74	-1.61963 -0.84658
75	-0.633044 -0.886235
76	-0.252182 -0.940674
77	-1.24128 -0.852824
78	0.155888 -0.985975
79	-0.395289 -0.917477
80	-1.59091 -0.845121
81	0.0795444 -0.995799
82	-0.798795 -0.862393
83	-0.342842 -0.914207
84	-0.807067 -0.863451
85	-0.84695 -0.860987
86	-0.223951 -0.937438
87	0.133358 -1.01384
88	-0.350816 -0.917741
89	-1.16959 -0.847542
90	-1.11151 -0.852033
91	-1.07329 -0.868921
92	0.572906 -1.12359
93	-0.821119 -0.865705
94	-0.0290946 -0.977396
95	-1.03437 -0.844668
96	-0.776333 -0.873055
97	-0.49932 -0.860123
98	-1.08471 -0.873686
99	1.91908 -5.3911
100	-1.15362 -0.841734
101	-0.599491 -0.895094
102	-1.304 -0.839963
103	-0.783646 -0.868605
104	-0.106187 -0.942947
105	-0.595069 -0.887163
106	-0.247289 -0.929433
107	-0.658064 -0.87713
108	-1.06731 -0.855693
109	-0.128102 -0.950655
110	-0.892555 -0.87421
111	-1.14725 -0.846513
112	-0.159075 -0.947393
113	-0.394871 -0.885803
114	-0.319211 -0.913784
115	0.0239112 -0.923526
116	-1.02882 -0.858311
117	0.232061 -1.02005
118	-0.824667 -0.8822
119	-0.367531 -0.90745
120	-0.398223 -0.923322
121	-1.16333 -0.855051
122	0.307624 -1.0082
123	-1.27328 -0.853385
124	1.83721 -1.96908
125	-0.360409 -0.89765
126	-0.494947 -0.898772
127	-0.152089 -0.974727
128	-0.145596 -0.974383
129	-1.20872 -0.852248
130	0.555154 -1.1113
131	0.00126075 -0.987989
132	-0.791971 -0.86218
133	-0.902934 -0.895826
134	1.96879 -2.35591
135	-0.930425 -0.85266
136	-0.162043 -0.937961
137	-0.861792 -0.864769
138	1.53476 -1.53526
139	-0.787453 -0.851848
140	-0.363359 -0.912049
141	-0.0124075 -0.964692
142	0.0364934 -0.967767
143	-0.347699 -0.900206
144	-0.26111 -0.935767
145	-0.780196 -0.864997
146	0.523007 -1.05685
147	-0.512439 -0.907565
148	-0.545485 -0.886408
149	-0.0558399 -0.962039
150	2.07742 -2.13683
151	-0.831338 -0.869353
152	-0.879133 -0.858742
153	-0.0517443 -0.959191
154	-0.155172 -0.929314
155	-0.0128746 -0.969568
156	-0.907922 -0.856806
157	-0.406806 -0.90623
158	-0.456277 -0.873545
159	-0.492659 -0.903352
160	-0.558206 -0.867826
161	-0.624931 -0.879731
162	-0.319735 -0.906279
163	0.74507 -1.12565
164	-0.0804541 -0.943856
165	0.116133 -0.982733
166	-0.0223127 -0.954441
167	-0.576807 -0.874933
168	-0.637155 -0.886121
169	-0.899746 -0.868244
170	-0.468636 -0.910377
171	-0.391655 -0.916837
172	-0.473845 -0.89125
173	0.0616785 -0.976571
174	-0.0858992 -0.955692
175	-0.212194 -0.931672
176	-0.676154 -0.86438
177	-0.834787 -0.849218
178	-1.00179 -0.856964
179	0.570653 -1.12449
180	-0.732494 -0.875043
181	-0.976248 -0.862842
182	0.532425 -1.1173
183	-0.397865 -0.911505
184	-0.383531 -0.909195
185	-0.900627 -0.862
186	0.289996 -1.02139
187	-0.403701 -0.89749
188	0.0833428 -1.01283
189	-1.19899 -0.844769
190	-0.594901 -0.874145
191	0.321052 -1.04453
192	-0.2721 -0.933237
193	-0.654387 -0.891299
194	-1.10311 -0.758717
195	-1.10365 -0.852148
196	2.42529 -2.87689
197	-0.611274 -0.895429
198	0.595674 -1.08406
199	-1.15323 -0.838421
200	-0.407629 -0.973657
201	-0.428828 -0.900222
202	-0.596111 -0.872865
203	0.0161572 -0.993018
204	0.237817 -1.01558
205	-0.726215 -0.891446
206	-0.133588 -0.93453
207	-1.0123 -0.871937
208	0.786615 -1.17403
209	1.68387 -1.91583
210	0.718754 -1.14487
211	-0.812546 -0.872852
212	-1.01842 -0.83215
213	0.0508727 -0.970279
214	-0.876647 -0.853612
215	-0.755492 -0.874161
216	-0.258645 -0.908199
217	-0.638809 -0.879654
218	0.41193 -1.06906
219	-0.482246 -0.894069
220	-0.652785 -0.862613
221	-0.459346 -0.874626
222	-1.23823 -0.822915
223	0.100752 -0.985529
224	-1.01626 -0.863725
225	-0.690103 -0.883437
226	0.289994 -1.02117
227	-0.558543 -0.898001
228	-0.91102 -0.850728
229	-0.819962 -0.851954
230	-0.782979 -0.870702
231	0.200309 -1.01672
232	1.86129 -5.24579
233	-0.647357 -0.881362
234	-0.71888 -0.892606
235	-0.603393 -0.858433
236	-0.517809 -0.914654
237	-0.788914 -0.863208
238	0.0854763 -1.00396
239	-0.479434 -0.901864
240	0.356061 -1.0186
241	-0.17881 -0.947102
242	-1.12025 -0.819122
243	-1.39105 -0.816469
244	-1.01747 -0.85856
245	-1.01018 -0.86193
246	-0.383897 -0.926438
247	-0.241487 -0.918986
248	-0.980112 -0.861847
249	-0.919326 -0.862308
250	-0.761866 -0.879572
251	-0.900898 -0.856428
252	-0.543006 -0.890249
253	-1.00278 -0.883624
254	-1.11347 -0.851729
255	-0.398818 -0.929647
256	-0.197606 -0.928091
257	-0.228107 -0.939604
258	0.0245276 -0.951265
259	-0.628791 -0.88634
260	-0.245736 -0.964247
261	1.57547 -1.63219
262	-0.531954 -0.896948
263	-0.212069 -0.916491
264	-0.2528 -0.920902
265	-0.0466192 -0.949428
266	-0.588028 -0.923623
267	-0.745614 -0.865666
268	-0.359373 -0.930542
269	-0.613169 -0.871261
270	-0.63929 -0.877815
271	-0.430354 -0.898588
272	-0.126413 -0.952231
273	-0.449 -0.852215
274	-0.263058 -0.932622
275	-0.255936 -0.942919
276	-0.615643 -0.882101
277	0.147685 -1.03466
278	-0.586234 -0.891513
279	-1.30602 -0.863375
280	-0.250329 -0.978564
281	-0.919801 -0.84525
282	-0.164827 -0.966496
283	-0.153332 -0.915573
284	-0.894021 -0.868293
285	0.388078 -1.06232
286	-1.0647 -0.855503
287	-0.48258 -0.901026
288	-0.324777 -0.928857
289	-0.862731 -0.83684
290	0.135876 -1.00149
291	-0.994899 -0.860852
292	-0.192547 -0.933434
293	-1.01691 -0.854652
294	-0.492255 -0.874237
295	0.00798391 -1.00303
296	0.890258 -4.93522
297	-0.847301 -0.878024
298	-1.04306 -0.860806
299	0.0198393 -0.99484
300	-0.55483 -0.894466
301	-0.870924 -0.873924
302	-0.901128 -0.849141
303	-0.333569 -0.921816
304	-0.424988 -0.905299
305	-0.590247 -0.881656
306	0.488704 -1.09125
307	-1.0953 -0.878297
308	-0.58318 -0.886379
309	-0.256642 -0.925787
310	-0.942263 -0.857167
311	-0.77435 -0.880717
312	-0.13384 -1.00173
313	0.0381323 -0.993066
314	-0.214347 -0.938064
315	-0.710946 -0.869625
316	-0.946107 -0.861963
317	-0.201337 -0.933565
318	-0.0887355 -0.942147
319	-0.989606 -0.83098
320	-0.285303 -0.934665
321	-0.872071 -0.8712
322	-1.10321 -0.852307
323	-0.470895 -0.9041
324	0.418793 -1.06091
325	-0.158584 -0.950539
326	-0.894248 -0.859693
327	-1.22869 -0.844992
328	-0.584365 -0.888474
329	-0.203433 -0.940457
330	-0.199715 -0.936514
331	-0.373383 -0.902652
332	-0.143693 -0.935001
333	-0.379041 -0.901329
334	0.0983411 -1.01058
335	-0.93954 -0.863477
336	0.357943 -1.0372
337	-0.475547 -0.910799
338	-0.374776 -0.925884
339	-1.323 -0.858706
340	-0.0389042 -0.940986
341	0.316742 -1.03132
342	0.0951037 -0.984471
343	-0.530109 -0.888574
344	0.276008 -1.01763
345	2.29978 -2.68571
346	-0.0465098 -0.96785
347	-0.202046 -1.01169
348	-0.341376 -0.907418
349	-1.24827 -0.849689
350	0.23803 -0.976346
351	0.63607 -1.11344
352	-0.168251 -0.943911
353	0.531165 -1.1086
354	-0.487558 -0.885623
355	-1.11656 -0.856521
356	0.496377 -1.06182
357	-0.818703 -0.873645
358	-0.349484 -0.911975
359	-0.875682 -0.865498
360	-1.52392 -0.837215
361	0.111327 -1.0178
362	-1.17629 -0.841169
363	0.00539984 -0.912354
364	-0.232166 -0.920118
365	-0.517127 -0.867485
366	-1.20158 -0.849625
367	-0.719528 -0.873996
368	-0.100933 -0.962754
369	0.0240845 -0.958308
370	-1.4993 -0.845821
371	-0.421211 -0.910589
372	-0.667364 -0.881992
373	-1.27112 -0.840466
374	0.133169 -0.989392
375	-0.552599 -0.885146
376	-1.07964 -0.854806
377	-0.831601 -0.863856
378	-0.492152 -0.895122
379	-0.491716 -0.892085
380	-0.135304 -0.922445
381	0.367747 -1.05133
382	-0.112352 -0.837541
383	1.21855 -1.34768
384	-0.676912 -0.861439
385	-0.639511 -0.875953
386	-0.971334 -0.872791
387	-0.618815 -0.85328
388	-0.370008 -0.93049
389	-0.145459 -0.951131
390	-0.639397 -0.925521
391	-1.01975 -0.845264
392	1.90454 -2.3481
393	-0.473421 -0.896915
394	0.406986 -1.06288
395	-0.798621 -0.859102
396	-1.16531 -0.848266
397	0.329899 -1.007
398	0.140103 -0.961741
399	-0.105114 -0.942241
400	-0.42441 -0.904549
401	-1.10036 -0.84596
402	-0.972627 -0.863595
403	-0.768577 -0.875063
404	-0.483789 -0.890203
405	-0.48003 -0.902297
406	-0.0653486 -0.901985
407	-1.14741 -0.848752
408	-0.561597 -0.87471
409	-0.573017 -0.898161
410	-1.45091 -0.82935
411	-1.06307 -0.860505
412	-0.586945 -0.892715
413	-0.790129 -0.868774
414	-0.739799 -0.879035
415	0.0130604 -0.945402
416	-0.330684 -0.913266
417	-0.468887 -0.908174
418	-0.883038 -0.869245
419	-0.631487 -0.870008
420	-0.154104 -0.934151
421	-0.644158 -0.871033
422	-1.20051 -0.83075
423	0.00847267 -0.976942
424	-1.03283 -0.856329
425	-0.0535616 -0.950962
426	-0.70634 -0.884005
427	0.218574 -0.991368
428	-0.594036 -0.884712
429	-1.31796 -0.837845
430	-0.685047 -0.886114
431	0.0755065 -0.973435
432	-0.681543 -0.881486
433	-0.152456 -0.908567
434	-0.0284218 -0.921236
435	0.457195 -1.09928
436	-0.223195 -0.918343
437	-0.550947 -0.906645
438	-0.52908 -0.881613
439	-0.523041 -0.897304
440	-1.07553 -0.859545
441	-0.673802 -0.854241
442	0.868828 -1.20446
443	-0.457282 -0.901017
444	-0.792183 -0.856679
445	0.185339 -1.01702
446	-0.151084 -0.99999
447	-0.574886 -0.861191
448	0.484331 -4.87688
449	-0.678316 -0.855616
450	-0.263982 -0.924846
451	0.351378 -1.06549
452	-0.74346 -0.871778
453	-0.0389322 -0.953542
454	0.445343 -1.0908
455	0.168799 -1.00749
456	-0.773382 -0.877476
457	-1.1405 -0.854361
458	-1.38163 -0.85265
459	-1.00867 -0.849864
460	-0.296687 -0.926083
461	0.171193 -0.994965
462	-1.14704 -0.845144
463	-1.02627 -0.852131
464	-1.06676 -0.849962
465	-1.0987 -0.825072
466	-0.795242 -0.873686
467	-0.289209 -0.911367
468	-0.923572 -0.870168
469	-0.423971 -0.917603
470	-0.434191 -0.870877
471	-0.271352 -0.925285
472	0.123805 -0.983421
473	-0.658808 -0.849668
474	-1.01686 -0.864632
475	-0.876189 -0.854781
476	-0.564876 -0.882641
477	-0.411027 -0.909824
478	2.29275 -2.64094
479	-0.95215 -0.86775
480	-0.546227 -0.884719
481	-0.132173 -0.956743
482	-0.349985 -0.911322
483	0.695728 -1.13949
484	-0.47816 -0.88309
485	0.0707244 -1.00264
486	-0.472241 -0.895673
487	-0.27352 -0.992575
488	2.6128 -3.08616
489	-1.05175 -0.860993
490	-0.644736 -0.890709
491	-0.954826 -0.850614
492	1.98378 -2.23202
493	-0.0139307 -0.962751
494	0.395024 -1.04577
495	-0.790669 -0.876685
496	-0.130843 -0.962695
497	-1.305 -0.833361
498	-0.920143 -0.867983
499	0.0414459 -0.965973
500	0.925142 -1.24042
501	-0.658876 -0.880285
502	-1.12415 -0.860457
503	-0.773711 -0.886402
504	-0.227093 -0.931265
505	-0.978517 -0.860354
506	-1.05728 -0.853568
507	-0.157794 -1.01334
508	1.92814 -5.4301
509	0.178024 -1.00796
510	2.34057 -2.73617
511	-0.1519 -0.959414
512	-0.0442267 -0.9579
513	-0.148662 -0.942239
514	-0.648053 -0.870785
515	-0.744309 -0.91275
516	-0.638197 -0.921981
517	-0.956921 -0.879335
518	-0.291996 -0.933401
519	-0.41223 -0.922245
520	-0.199341 -0.923859
521	0.217964 -1.02452
522	-0.329854 -0.920495
523	-0.191893 -0.910483
524	-1.16811 -0.852579
525	-0.228858 -0.933696
526	-0.570239 -0.890399
527	-0.76343 -0.871297
528	0.204576 -1.00877
529	0.443224 -1.06577
530	-0.212457 -0.94201
531	-0.173971 -0.91603
532	-0.851657 -0.824944
533	-0.285755 -0.941492
534	-0.397109 -0.955489
535	-0.89742 -0.859286
536	0.340826 -1.04613
537	0.264841 -0.994039
538	-0.769848 -0.88597
539	0.0305031 -1.04636
540	1.74005 -1.68696
541	-0.266943 -0.927368
542	0.64738 -1.13976
543	-0.762606 -0.877739
544	-0.708486 -0.891163
545	0.296076 -1.0499
546	-0.335316 -0.922084
547	-0.299507 -0.911698
548	-1.47682 -0.841308
549	0.409993 -1.06617
550	-0.0257673 -0.920653
551	0.369426 -1.056
552	-0.344362 -0.934623
553	1.79064 -1.814
554	0.403263 -1.05142
555	-0.0405814 -0.946664
556	-0.811627 -0.871704
557	0.524066 -1.10506
558	-0.0803847 -0.948819
559	0.493172 -1.09309
560	-1.05429 -0.849071
561	-0.565861 -0.900826
562	-0.14108 -0.949273
563	0.122951 -0.95849
564	-0.693161 -0.870757
565	-0.104236 -0.944457
566	-0.429245 -0.907879
567	-1.05197 -0.832664
568	-0.921355 -0.878675
569	0.411783 -1.07105
570	-0.642261 -0.89067
571	-1.45978 -0.817966
572	-0.972882 -0.850793
573	-0.168511 -0.934243
574	-0.465165 -0.889516
575	-0.131059 -0.957518
576	-0.458446 -0.905196
577	-0.43663 -0.891031
578	-0.249864 -0.941567
579	0.626531 -1.08174
580	-0.520242 -0.910566
581	-0.587902 -0.856845
582	0.144694 -1.00187
583	-0.65607 -0.885319
584	-0.286186 -0.922856
585	0.0589946 -0.980929
586	-1.09457 -0.844245
587	-0.943103 -0.865532
588	-0.52338 -0.902445
589	-0.623562 -0.881901
590	-0.2494 -0.908977
591	-0.57858 -0.887857
592	-0.543406 -0.890982
593	2.11038 -2.54118
594	-0.876193 -0.868656
595	-0.00768063 -0.965199
596	-0.503041 -0.890373
597	-0.562153 -0.866593
598	-0.550904 -0.893969
599	-0.211763 -0.937264
600	0.494789 -1.10698
601	-0.453304 -0.896154
602	0.556736 -1.10216
603	-0.780864 -0.868353
604	-0.0621099 -0.935951
605	-0.490112 -0.894024
606	-0.88604 -0.861663
607	-1.16174 -0.835843
608	-0.669632 -0.874626
609	-1.38706 -0.829199
610	-0.177576 -0.938681
611	-0.383745 -0.897143
612	0.405864 -1.06313
613	0.220493 -1.058
614	0.0993571 -0.979886
615	-0.556652 -0.883222
616	-0.963591 -0.845411
617	-1.4172 -0.829655
618	0.472631 -1.10273
619	-0.125219 -0.954049
620	-1.22829 -0.855729
621	0.0365084 -0.965922
622	-0.159603 -0.947494
623	-0.403011 -0.899898
624	-0.480858 -0.890283
625	-0.575886 -0.890614
626	0.0819043 -0.982382
627	-0.506398 -0.892319
628	-0.661956 -0.881849
629	-0.542477 -0.897127
630	-1.56575 -0.848472
631	-0.338737 -0.899523
632	0.768716 -1.18761
633	1.79331 -5.1422
634	2.18269 -2.50746
635	-0.582415 -0.87378
636	-0.71073 -0.864045
637	-1.1305 -0.850607
638	-0.015796 -0.965891
639	-0.948175 -0.865919
640	0.131403 -1.00693
641	-0.47635 -0.898497
642	-0.580336 -0.893085
643	-0.679099 -0.87522
644	-0.515236 -0.870042
645	-0.386402 -0.901263
646	-0.195324 -0.974172
647	0.270218 -1.03776
648	1.49518 -1.47483
649	0.553516 -1.06627
650	0.0360688 -0.964369
651	-0.442698 -0.909436
652	-0.40183 -0.916301
653	-0.0659536 -0.966048
654	-0.575748 -0.893378
655	-1.04649 -0.855494
656	-1.31667 -0.846773
657	-0.0299944 -0.987602
658	-0.719342 -0.869413
659	-0.530177 -0.900219
660	-0.545481 -0.892268
661	0.299877 -1.00509
662	-0.759919 -0.902211
663	0.514261 -1.08518
664	-0.103945 -0.958196
665	1.93997 -2.03857
666	-0.280069 -0.931765
667	-0.581586 -0.894257
668	-0.707461 -0.879157
669	-0.667044 -0.893206
670	-0.695042 -0.890047
671	-1.02039 -0.855692
672	-0.274833 -0.88829
673	-0.896619 -0.867815
674	-1.13982 -0.843319
675	-1.07374 -0.836361
676	-0.466048 -0.90305
677	0.386708 -1.06201
678	-0.857351 -0.859843
679	-0.185636 -0.940315
680	-0.194326 -0.938982
681	-0.547767 -0.887467
682	-0.174766 -0.937407
683	-0.991598 -0.848275
684	-0.338507 -0.91168
685	-0.60446 -0.887559
686	-0.0720611 -0.962835
687	-0.481014 -0.90642
688	-0.675741 -0.860087
689	-0.123257 -0.962381
690	-0.960726 -0.826131
691	-0.589837 -0.884929
692	-0.357082 -0.896491
693	-0.466112 -0.91915
694	-0.232706 -0.954894
695	-0.258701 -0.967201
696	-1.14165 -0.847801
697	-0.159451 -0.925034
698	-0.207214 -0.936212
699	0.236892 -1.01942
700	-1.07508 -0.85799
701	-0.00424149 -0.945567
702	-0.92296 -0.853312
703	0.36044 -1.03595
704	-0.373211 -0.898865
705	-0.871484 -0.841639
706	0.202217 -1.01643
707	-1.12546 -0.856241
708	-0.288489 -0.909272
709	0.253429 -1.01807
710	-0.0567641 -0.974701
711	-1.23756 -0.828703
712	-0.00764807 -0.964384
713	-0.583265 -0.875304
714	-0.771961 -0.864808
715	-1.41057 -0.838194
716	-0.159107 -0.937031
717	-0.0876676 -0.938563
718	-0.447313 -0.882433
719	0.0179121 -0.970393
720	0.871883 -4.96448
721	-0.154033 -0.918256
722	-0.029902 -0.951439
723	-0.241024 -0.917458
724	-0.344961 -0.919143
725	0.0636074 -0.970344
726	-0.729731 -0.860864
727	-0.88436 -0.862591
728	-0.299284 -0.920345
729	-0.468789 -0.892765
730	-0.425262 -0.909333
731	-0.740173 -0.877831
732	-0.928568 -0.853426
733	1.95678 -2.34811
734	-0.443138 -0.900923
735	-0.586463 -0.872658
736	-0.178119 -0.954191
737	-0.220055 -0.934708
738	-0.485693 -0.901177
739	-0.700986 -0.875169
740	-0.582761 -0.888892
741	0.0898795 -0.96728
742	-0.0506112 -0.965117
743	-0.554624 -0.885526
744	-0.136962 -0.928535
745	0.137562 -1.01621
746	0.401939 -1.07014
747	-0.990006 -0.859186
748	0.170141 -1.01074
749	0.173135 -1.00399
750	-0.69373 -0.867223
751	-0.624947 -0.871718
752	0.774679 -1.12175
753	-0.318305 -0.917996
754	-0.810636 -0.858575
755	-0.122788 -0.955251
756	-0.752122 -0.874626
757	-0.347416 -0.92898
758	-0.349695 -0.913149
759	-1.11971 -0.84697
760	-0.229375 -0.954958
761	-0.945554 -0.865824
762	-0.254874 -0.92567
763	-0.311323 -0.939427
764	-0.442689 -0.906707
765	-0.381701 -0.886086
766	-0.178034 -0.91584
767	-0.564501 -0.866871
768	-0.278106 -0.930391
769	-0.783503 -0.869718
770	-0.141225 -0.974447
771	-0.425467 -0.913918
772	-0.332182 -0.91743
773	0.0243968 -0.9514
774	-0.961513 -0.839727
775	-0.772797 -0.910589
776	-0.0403075 -0.960404
777	-1.01889 -0.845993
778	-0.601242 -0.885091
779	-0.183582 -0.943615
780	-1.04365 -0.86303
781	-0.136856 -0.946132
782	-0.877326 -0.850249
783	-1.456 -0.825386
784	-0.316234 -0.913996
785	-0.463853 -0.906347
786	-0.491957 -0.906857
787	-0.128191 -0.938435
788	-0.054116 -0.953703
789	-0.714857 -0.849527
790	-0.785552 -0.857433
791	-0.491485 -0.882926
792	-0.151931 -0.94882
793	-0.939842 -0.859975
794	-0.542234 -0.896316
795	-0.174062 -0.943926
796	-1.06377 -0.863997
797	0.0284929 -0.96261
798	0.125732 -0.977946
799	-0.256483 -0.922988
800	-0.648189 -0.882128
801	0.306109 -1.03519
802	-0.545733 -0.892451
803	-0.69362 -0.874403
804	-1.0603 -0.85163
805	0.00939536 -0.9695
806	-0.621941 -0.855814
807	-0.275272 -0.92669
808	-0.574137 -0.892258
809	-0.763103 -0.866832
810	-0.373915 -0.895899
811	0.0175576 -0.995604
812	-0.120246 -0.942076
813	-0.591479 -0.888086
814	-0.232053 -0.929779
815	-0.749245 -0.853411
816	-0.459489 -0.898025
817	0.00344094 -0.971614
818	-1.02725 -0.870317
819	-0.0274046 -0.952285
820	-0.187185 -0.951639
821	-0.836286 -0.860087
822	-0.338979 -0.928666
823	-0.474963 -0.899156
824	-0.424679 -0.908816
825	-0.553314 -0.886361
826	-0.679785 -0.866453
827	-0.422028 -0.908721
828	0.0360938 -0.958596
829	-0.751656 -0.881488
830	-0.293855 -0.919755
831	0.153565 -0.97493
832	-0.47549 -0.889739
833	-0.569214 -0.891684
834	0.177428 -1.00893
835	-0.768324 -0.885027
836	-0.627071 -0.88039
837	-0.97166 -0.863177
838	0.615242 -4.9303
839	-0.358927 -0.919032
840	-0.328878 -0.899801
841	-0.152353 -0.928353
842	-0.719818 -0.877724
843	-0.203633 -0.941623
844	-0.308515 -0.910246
845	-1.17202 -0.850818
846	2.04559 -2.43481
847	-0.852062 -0.85628
848	-0.0524497 -0.944634
849	-0.359174 -0.905589
850	-0.462234 -0.892238
851	0.569728 -1.12146
852	-1.10481 -0.857559
853	-0.454491 -0.893713
854	1.3364 -1.44061
855	-0.315712 -0.905646
856	-0.330362 -0.933506
857	-0.574648 -0.887621
858	0.238372 -1.04075
859	-0.941898 -0.856041
860	-0.58683 -0.887649
861	0.0538548 -0.977318
862	0.261018 -1.0683
863	-1.18496 -0.849192
864	-0.21611 -0.932686
865	-0.656327 -0.886807
866	-0.796151 -0.858071
867	0.251021 -1.03068
868	-0.690436 -0.877867
869	-0.294448 -0.984534
870	-0.798658 -0.86744
871	-0.690507 -0.879889
872	-1.18445 -0.834668
873	-0.902073 -0.864817
874	0.360173 -1.05888
875	-0.397793 -0.881105
876	-0.401612 -0.909296
877	-0.663929 -0.883735
878	-0.804662 -0.856206
879	-0.698212 -0.932201
880	2.19383 -2.58415
881	-0.712539 -0.889858
882	-0.846325 -0.89475
883	0.0942358 -0.985753
884	-0.270787 -0.949896
885	-1.14242 -0.859478
886	-0.167885 -0.945865
887	-0.522243 -0.903131
888	-1.04353 -0.860693
889	-0.650654 -0.884307
890	-1.15704 -0.849359
891	-0.464855 -0.907318
892	-0.381369 -0.922186
893	-0.39084 -0.898302
894	-0.200476 -0.919305
895	-0.388575 -0.899784
896	-0.112686 -0.949006
897	-0.843668 -0.862545
898	0.98932 -1.29752
899	-0.754129 -0.864854
900	0.899309 -1.20712
901	-0.633395 -0.859024
902	-0.847735 -0.871321
903	-1.15179 -0.851054
904	-0.242532 -0.941668
905	-0.442659 -0.965691
906	0.984915 -1.20119
907	-1.12414 -0.853714
908	-0.714027 -0.881609
909	-0.306542 -0.916745
910	-0.414921 -0.919718
911	-0.273673 -0.924207
912	0.421352 -1.04601
913	-0.617897 -0.889264
914	-0.347314 -0.91371
915	0.406796 -1.06775
916	0.212949 -1.00993
917	-0.575699 -0.869495
918	-1.19237 -0.839072
919	-0.199597 -0.912426
920	-0.435594 -0.915067
921	-0.427805 -0.904415
922	-0.765887 -0.884061
923	0.234634 -1.0504
924	-0.894652 -0.832454
925	1.89342 -2.29163
926	-0.953273 -0.861827
927	-0.780125 -0.870974
928	-0.478717 -0.892547
929	-1.16556 -0.846258
930	-0.171356 -0.938985
931	-0.206623 -0.923904
932	2.10691 -2.42725
933	-0.813514 -0.85272
934	-0.371064 -0.91572
935	-0.718277 -0.894234
936	-0.5758 -0.892983
937	-0.365637 -0.904312
938	-0.650943 -0.871131
939	-0.74383 -0.888926
940	-0.754679 -0.855082
941	-0.508394 -0.874412
942	-0.520228 -0.90104
943	-0.193874 -0.924431
944	-0.87033 -0.871339
945	-0.0541153 -0.931538
946	-0.427267 -0.912662
947	-0.250957 -0.913607
948	0.217406 -1.00526
949	-0.489045 -0.883717
950	-0.194288 -0.916849
951	-0.284552 -0.930293
952	-1.25225 -0.82844
953	-0.817125 -0.885595
954	-1.02819 -0.861921
955	-0.488201 -0.89167
956	-0.186488 -0.918454
957	0.303349 -1.00911
958	-1.02295 -0.842426
959	2.63898 -3.14969
960	-0.170025 -0.952744
961	-1.10367 -0.850436
962	-0.997605 -0.860567
963	-0.603462 -0.880275
964	-0.0614671 -0.990054
965	-0.786638 -0.852423
966	0.440286 -1.07014
967	1.60553 -1.68627
968	-0.0869332 -0.949645
969	-0.54314 -0.898871
970	-0.595365 -0.883575
971	-0.636627 -0.863494
972	-0.625277 -0.883255
973	0.0976064 -0.945866
974	-0.542805 -0.879349
975	2.10841 -2.39161
976	-0.786313 -0.900778
977	-0.784739 -0.864812
978	-0.187224 -0.937632
979	-0.6053 -0.934923
980	-0.678171 -0.909186
981	-1.1476 -0.843207
982	-0.427731 -0.913134
983	-0.699313 -0.874541
984	-0.873075 -0.865775
985	-0.316651 -0.913083
986	-0.172611 -0.937667
987	2.24451 -5.62703
988	-0.163234 -0.955325
989	-0.036652 -0.969053
990	-0.936876 -0.870021
991	-0.641798 -0.878698
992	-0.659008 -0.858886
993	-0.687791 -0.898564
994	-0.428789 -0.830928
995	-0.661899 -0.886039
996	-1.02776 -0.858779
997	0.453622 -1.08454
998	-0.737481 -0.892328
999	-0.41368 -0.901903
1000	-0.677004 -0.879357
1001	-0.935425 -0.84327
1002	-0.324169 -0.938936
1003	-0.725792 -0.861667
1004	-0.716059 -0.87215
1005	-1.09951 -0.857664
1006	0.516392 -1.1064
1007	-1.23771 -0.846687
1008	0.265152 -1.02562
1009	1.51743 -1.54807
1010	-0.706675 -0.863701
1011	1.97517 -2.24757
1012	-0.805033 -0.866754
1013	-0.49669 -0.900578
1014	-0.307245 -0.917252
1015	-0.0212543 -0.973648
1016	1.94976 -2.3859
1017	-0.984045 -0.847149
1018	-1.05395 -0.844048
1019	0.362755 -1.0426
1020	-1.17149 -0.853597
1021	-0.700668 -0.867436
1022	-0.795199 -0.85942
1023	0.558834 -1.1114
1024	-0.964789 -0.860512
1025	-1.07644 -0.858697
1026	0.080589 -0.982982
1027	-0.973258 -0.83751
1028	-1.19003 -0.846492
1029	-0.549215 -0.896241
1030	-0.974086 -0.8451
1031	-0.363356 -0.906213
1032	0.130045 -0.974651
1033	-0.828887 -0.871219
1034	-0.646756 -0.900656
1035	1.89938 -2.16898
1036	-0.331434 -0.908639
1037	-0.726025 -0.876062
1038	-0.550282 -0.897104
1039	-0.535414 -0.895831
1040	-0.423697 -0.914501
1041	-0.180655 -0.94522
1042	-1.0826 -0.859905
1043	-0.490344 -0.898459
1044	-0.802175 -0.873048
1045	-0.874111 -0.870377
1046	-0.192476 -0.92885
1047	-0.379931 -0.903326
1048	-0.156534 -0.946952
1049	0.114179 -1.00572
1050	-1.04171 -0.842737
1051	-0.0131982 -1.00515
1052	-0.345296 -0.89499
1053	-0.842337 -0.877611
1054	-0.803698 -0.867493
1055	0.0449586 -0.973667
1056	0.0916572 -0.990062
1057	-0.139679 -0.982833
1058	-0.858019 -0.87119
1059	-1.1709 -0.857352
