0	0
1	1
2	0
3	0
4	1
5	0
6	0
7	1
8	1
9	0
10	0
11	0
12	0
13	1
14	1
15	1
16	1
17	1
18	1
19	0
20	1
21	1
22	0
23	0
24	0
25	0
26	0
27	1
28	0
29	1
30	0
31	0
32	0
33	1
34	0
35	0
36	0
37	0
38	0
39	0
40	0
41	0
42	1
43	1
44	1
45	0
46	0
47	0
48	0
49	0
50	0
51	1
52	1
53	1
54	1
55	1
56	0
57	0
58	0
59	0
60	1
61	1
62	0
63	1
64	0
65	0
66	1
67	1
68	0
69	0
70	0
71	0
72	1
73	0
74	1
75	0
76	1
77	0
78	0
79	0
80	0
81	0
82	1
83	0
84	0
85	0
86	0
87	0
88	0
89	0
90	0
91	0
92	0
93	0
94	0
95	1
96	1
97	1
98	0
99	0
100	0
101	0
102	0
103	0
104	0
105	1
106	0
107	0
108	0
109	1
110	0
111	0
112	0
113	0
114	0
115	0
116	0
117	0
118	1
119	1
120	0
121	1
122	0
123	1
124	0
125	1
126	0
127	0
128	0
129	0
130	0
131	0
132	1
133	0
134	1
135	0
136	0
137	1
138	0
139	1
140	1
141	1
142	1
143	1
144	1
145	0
146	1
147	0
148	0
149	0
150	1
151	0
152	0
153	0
154	1
155	0
156	0
157	1
158	0
159	0
160	0
161	0
162	1
163	0
164	0
165	0
166	0
167	0
168	1
169	0
170	1
171	1
172	0
173	0
174	1
175	0
176	0
177	0
178	1
179	0
180	1
181	0
182	0
183	1
184	0
185	1
186	0
187	0
188	0
189	0
190	1
191	0
192	0
193	0
194	1
195	0
196	0
197	1
198	1
199	0
200	0
201	0
202	1
203	1
204	0
205	0
206	0
207	1
208	0
209	1
210	0
211	1
212	0
213	0
214	0
215	0
216	0
217	0
218	0
219	1
220	0
221	1
222	1
223	0
224	0
225	1
226	1
227	0
228	1
229	1
230	1
231	0
232	0
233	0
234	0
235	1
236	1
237	1
238	0
239	0
240	0
241	0
242	1
243	0
244	0
245	0
246	0
247	0
248	1
249	0
250	1
251	1
252	0
253	0
254	0
255	1
256	1
257	0
258	0
259	1
260	1
261	0
262	1
263	1
264	0
265	0
266	1
267	0
268	0
269	1
270	0
271	0
272	0
273	0
274	0
275	1
276	1
277	0
278	1
279	0
280	1
281	1
282	0
283	0
284	1
285	1
286	0
287	0
288	0
289	1
290	0
291	0
292	0
293	0
294	0
295	1
296	0
297	0
298	1
299	1
300	0
301	0
302	0
303	1
304	1
305	1
306	0
307	1
308	0
309	0
310	0
311	0
312	1
313	1
314	1
315	0
316	0
317	0
318	0
319	1
320	0
321	0
322	0
323	0
324	0
325	0
326	1
327	1
328	0
329	1
330	0
331	0
332	1
333	0
334	1
335	1
336	0
337	0
338	1
339	0
340	1
341	1
342	1
343	1
344	1
345	1
346	0
347	0
348	0
349	1
350	1
351	0
352	0
353	0
354	0
355	0
356	1
357	1
358	0
359	0
360	0
361	0
362	1
363	1
364	0
365	0
366	0
367	1
368	0
369	1
370	0
371	0
372	1
373	0
374	0
375	1
376	0
377	0
378	1
379	1
380	0
381	0
382	0
383	0
384	0
385	0
386	0
387	1
388	0
389	0
390	0
391	1
392	0
393	1
394	1
395	1
396	0
397	1
398	1
399	0
400	0
401	0
402	1
403	0
404	1
405	1
406	0
407	0
408	1
409	1
410	0
411	0
412	0
413	0
414	0
415	0
416	0
417	0
418	0
419	0
420	0
421	1
422	0
423	1
424	1
425	0
426	0
427	0
428	1
429	0
430	0
431	0
432	0
433	1
434	0
435	1
436	0
437	0
438	1
439	1
440	0
441	0
442	0
443	1
444	1
445	1
446	1
447	1
448	1
449	0
450	0
451	1
452	0
453	0
454	0
455	0
456	0
457	0
458	1
459	1
460	0
461	0
462	1
463	1
464	0
465	1
466	0
467	1
468	0
469	0
470	0
471	0
472	0
473	0
474	0
475	1
476	0
477	1
478	1
479	1
480	0
481	0
482	0
483	1
484	1
485	0
486	0
487	0
488	0
489	0
490	0
491	0
492	1
493	0
494	0
495	0
496	0
497	0
498	0
499	0
500	0
501	0
502	0
503	1
504	1
505	1
506	0
507	0
508	0
509	1
510	0
511	0
512	0
513	0
514	0
515	0
516	0
517	0
518	1
519	1
520	0
521	0
522	0
523	0
524	0
525	1
526	0
527	0
528	0
529	0
530	1
531	0
532	0
533	0
534	0
535	0
536	0
537	0
538	1
539	0
540	0
541	1
542	1
543	0
544	0
545	0
546	0
547	0
548	0
549	1
550	0
551	0
552	1
553	0
554	1
555	0
556	1
557	1
558	0
559	0
560	0
561	0
562	1
563	0
564	1
565	1
566	1
567	1
568	0
569	0
570	0
571	0
572	0
573	0
574	1
575	1
576	1
577	0
578	0
579	0
580	1
581	1
582	0
583	1
584	0
585	1
586	0
587	1
588	0
589	1
590	0
591	0
592	1
593	1
594	0
595	1
596	0
597	0
598	1
599	0
600	1
601	1
602	0
603	0
604	0
605	0
606	1
607	1
608	0
609	1
610	0
611	0
612	0
613	0
614	1
615	1
616	0
617	0
618	1
619	1
620	1
621	1
622	0
623	0
624	1
625	1
626	0
627	0
628	0
629	0
630	0
631	1
632	0
633	0
634	0
635	0
636	1
637	1
638	0
639	1
640	1
641	0
642	0
643	0
644	1
645	0
646	1
647	0
648	0
649	0
650	0
651	0
652	0
653	0
654	1
655	0
656	0
657	1
658	0
659	1
660	1
661	0
662	1
663	0
664	1
665	1
666	1
667	0
668	0
669	1
670	1
671	1
672	0
673	0
674	0
675	0
676	0
677	1
678	0
679	0
680	0
681	0
682	0
683	0
684	1
685	0
686	0
687	0
688	0
689	0
690	1
691	0
692	0
693	1
694	0
695	0
696	0
697	1
698	0
699	0
700	0
701	0
702	1
703	1
704	0
705	0
706	0
707	0
708	0
709	0
710	0
711	0
712	0
713	1
714	0
715	0
716	0
717	0
718	0
719	0
720	0
721	1
722	0
723	0
724	1
725	0
726	0
727	0
728	1
729	0
730	0
731	0
732	0
733	1
734	1
735	0
736	1
737	0
738	0
739	0
740	0
741	0
742	0
743	0
744	0
745	0
746	0
747	1
748	1
749	0
750	0
751	0
752	0
753	1
754	0
755	1
756	0
757	0
758	0
759	1
760	0
761	0
762	1
763	0
764	1
765	0
766	0
767	0
768	1
769	0
770	1
771	1
772	0
773	1
774	1
775	0
776	1
777	1
778	0
779	0
780	1
781	0
782	0
783	0
784	1
785	0
786	1
787	0
788	1
789	1
790	1
791	0
792	0
793	0
794	0
795	0
796	0
797	0
798	1
799	0
800	0
801	0
802	0
803	1
804	1
805	0
806	1
807	0
808	1
809	0
810	0
811	0
812	0
813	0
814	0
815	0
816	1
817	1
818	0
819	0
820	0
821	0
822	1
823	0
824	0
825	0
826	0
827	0
828	0
829	0
830	0
831	0
832	0
833	0
834	0
835	1
836	0
837	0
838	0
839	0
840	0
841	0
842	0
843	0
844	0
845	0
846	1
847	0
848	0
849	0
850	1
851	1
852	0
853	0
854	0
855	1
856	0
857	1
858	0
859	1
860	0
861	1
862	1
863	0
864	0
865	0
866	1
867	0
868	0
869	0
870	0
871	1
872	0
873	0
874	1
875	1
876	0
877	1
878	0
879	1
880	1
881	0
882	0
883	0
884	0
885	0
886	0
887	1
888	0
889	0
890	0
891	0
892	1
893	0
894	1
895	0
896	1
897	0
898	0
899	0
900	0
901	0
902	1
903	0
904	1
905	0
906	0
907	0
908	1
909	0
910	0
911	1
912	0
913	0
914	1
915	0
916	0
917	0
918	1
919	0
920	0
921	0
922	0
923	0
924	0
925	0
926	0
927	0
928	0
929	1
930	1
931	0
932	0
933	0
934	0
935	1
936	1
937	1
938	0
939	0
940	0
941	0
942	0
943	1
944	0
945	0
946	0
947	0
948	1
949	0
950	0
951	0
952	0
953	1
954	1
955	0
956	1
957	1
958	0
959	0
960	0
961	0
962	0
963	0
964	0
965	0
966	0
967	0
968	0
969	0
970	0
971	0
972	0
973	1
974	1
975	0
976	0
977	1
978	0
979	0
980	0
981	0
982	1
983	0
984	1
985	0
986	0
987	0
988	1
989	1
990	0
991	0
992	1
993	0
994	0
995	1
996	0
997	1
998	1
999	1
1000	0
1001	1
1002	0
1003	0
1004	0
1005	0
1006	0
1007	0
1008	0
1009	1
1010	0
1011	0
1012	0
1013	1
1014	1
1015	1
1016	0
1017	1
1018	0
1019	0
1020	0
1021	0
1022	0
1023	1
1024	0
1025	0
1026	1
1027	1
1028	0
1029	0
1030	0
1031	0
1032	1
1033	0
1034	0
1035	1
1036	1
1037	0
1038	1
1039	0
1040	0
1041	0
1042	0
1043	0
1044	0
1045	0
1046	0
1047	0
1048	0
1049	0
1050	0
1051	0
1052	0
1053	0
1054	0
1055	1
1056	0
1057	1
1058	0
1059	0
