0	-0.178863 0.985645
1	-0.57837 1.10915
2	-0.320136 1.01082
3	1.82366 2.0935
4	0.881517 1.32201
5	-0.692184 1.05841
6	1.47267 1.67535
7	1.63897 1.89842
8	-0.0205909 0.942473
9	0.62651 4.04006
10	-0.895165 1.18485
11	0.62564 4.03437
12	1.44632 1.7616
13	-1.42979 1.524
14	-1.07101 1.2986
15	0.574358 3.58756
16	-0.326547 1.02521
17	-0.0294133 0.993409
18	-0.282528 0.996904
19	1.12633 1.46642
20	0.913305 1.41668
21	-0.854185 1.19236
22	1.26846 1.49284
23	-0.116205 1.02313
24	1.46232 1.77769
25	1.53588 1.71457
26	0.531241 1.2237
27	1.09745 1.49481
28	-1.5468 1.54527
29	-0.669072 1.16899
30	1.34587 1.64215
31	2.81976 3.33546
32	1.64464 1.85032
33	2.03907 2.28109
34	0.236912 1.07281
35	2.24845 2.36819
36	1.98569 2.12037
37	0.975081 1.33292
38	-0.156747 1.02064
39	-0.421323 1.0741
40	-0.882933 1.20953
41	2.15474 2.40365
42	-1.68525 1.66947
43	-0.59249 1.06987
44	0.286329 1.03247
45	-0.71222 1.13453
46	-0.228548 0.957515
47	-0.418149 0.974385
48	-0.553647 1.03286
49	-1.39605 1.40665
50	-0.790593 1.12647
51	-1.6618 1.57067
52	0.513831 1.10541
53	0.877455 1.28637
54	0.623427 4.0186
55	-0.135963 1.02814
56	-0.166584 1.02851
57	-0.403554 1.08751
58	-0.946486 1.2155
59	0.746262 1.3112
60	-0.620635 1.09915
61	-0.364035 1.0952
62	-0.264868 1.03971
63	-0.25992 1.0042
64	-0.424013 1.0266
65	-0.734183 1.079
66	-0.768424 1.2151
67	-0.410493 1.00304
68	-0.0769214 0.989485
69	1.55583 1.73832
70	-0.532246 1.10475
71	1.23404 1.57127
72	-0.0277288 0.999591
73	-0.565168 1.09881
74	-0.617123 1.11266
75	-0.247022 1.0553
76	2.07254 2.33002
77	-0.254956 1.00444
78	-0.374653 1.1049
79	1.82459 1.94328
80	-0.189844 1.00449
81	0.132375 1.05594
82	2.39092 2.49503
83	-0.39461 1.09277
84	1.26796 1.61368
85	0.610096 3.93313
86	-0.516725 1.0807
87	0.361013 1.03061
88	0.559856 1.22914
89	-0.716955 1.12814
90	-0.866353 1.08263
91	-1.87655 1.80244
92	0.905377 1.28207
93	0.548053 1.199
94	1.87096 1.9778
95	-0.605666 1.09488
96	0.122481 1.05097
97	2.11303 2.24783
98	-0.442004 1.00687
99	2.22956 2.35798
100	-0.119004 1.03787
101	-0.0843647 0.973585
102	-0.510435 1.03502
103	-0.452745 1.07862
104	0.578366 1.12557
105	-0.201162 1.00813
106	-0.328846 1.01265
107	1.35614 1.64134
108	1.88511 1.96878
109	0.662832 1.14269
110	1.53952 1.81346
111	-0.497951 1.0563
112	1.36702 1.67685
113	2.03701 2.18801
114	1.77605 1.99204
115	0.220631 1.06507
116	-0.506959 1.07347
117	-1.38589 1.40657
118	0.127821 1.03946
119	-0.550104 1.08743
120	1.4618 1.68625
121	-1.08616 1.28723
122	-0.507407 1.06211
123	-0.255225 0.988902
124	-0.668341 1.02695
125	0.780909 1.29823
126	1.55256 1.82131
127	-0.51356 1.08651
128	0.163675 1.01581
129	0.300428 1.08052
130	2.02692 2.16001
131	-1.53726 1.53292
132	0.164923 1.06725
133	-0.183933 1.00245
134	1.80017 1.86639
135	-0.388521 1.04873
136	-0.499143 1.03267
137	-0.485002 1.02464
138	-0.191811 1.03175
139	-0.388279 1.00155
140	1.56034 1.72682
141	-2.17264 2.07215
142	1.63122 1.87598
143	-0.160315 1.06947
144	0.338003 1.04929
145	1.54419 1.847
146	-0.59192 1.06923
147	-1.05671 1.26223
148	-0.280204 1.00871
149	1.64095 1.87263
150	0.435026 1.12778
151	-1.40644 1.45744
152	-1.13336 1.30551
153	0.860358 1.33061
154	1.45032 1.74712
155	-2.16518 2.03418
156	-0.658781 1.08609
157	-0.696 1.00162
158	-0.496439 1.0628
159	-0.398926 0.970242
160	-0.0831651 0.928089
161	0.485682 1.16166
162	6.11589 7.09513
163	-0.388774 1.05515
164	-0.860847 1.16923
165	1.71418 1.93236
166	-0.253472 1.04138
167	1.84722 1.97035
168	-0.341136 1.00692
169	-0.773784 1.09915
170	1.43067 1.70117
171	-0.746423 1.15509
172	-0.451401 1.07782
173	-0.946521 1.11318
174	-0.260226 1.08858
175	-0.206091 1.00186
176	-0.45856 1.06823
177	-1.01146 1.21093
178	-2.06152 1.94208
179	-0.356385 0.912207
180	-1.05052 1.27228
181	-0.298753 1.02514
182	-0.456935 1.00979
183	1.43748 1.72632
184	1.07446 1.44431
185	0.937701 1.31864
186	0.133769 1.08768
187	-0.601425 1.11344
188	0.602925 3.90139
189	0.825415 1.23217
190	2.14942 2.35352
191	-0.0842435 1.0168
192	-2.31642 2.11115
193	-0.584299 1.07735
194	-0.625843 1.11893
195	-0.461221 1.08389
196	-0.178899 1.06119
197	-0.856406 1.21289
198	-0.705817 1.14257
199	-0.414829 1.05425
200	-0.267082 1.03464
201	-1.51176 1.58005
202	-0.88796 1.21544
203	-0.234143 0.977559
204	1.14095 1.54437
205	0.40389 1.02337
206	-0.251401 1.03173
207	-0.425281 1.10506
208	0.147559 1.01767
209	2.00034 2.12178
210	1.22443 1.54607
211	-0.19752 1.01857
212	-0.240905 1.0602
213	-0.00450089 1.03611
214	-0.68588 1.12064
215	-0.371512 1.03573
216	-0.247505 1.03135
217	0.11242 1.03473
218	-0.238355 0.977809
219	3.02273 3.24288
220	-1.89361 1.78479
221	-0.464309 1.06512
222	-0.402051 1.06823
223	0.923576 1.32545
224	0.647391 4.17265
225	-0.0355899 1.02187
226	-0.92018 1.17683
227	-1.906 1.81855
228	-1.13289 1.33762
229	-0.673606 1.12596
230	1.92987 2.00151
231	0.0979935 1.06186
232	1.93063 2.15964
233	-0.544904 1.03794
234	1.85769 1.95103
235	-1.52167 1.5565
236	-0.650329 1.07983
237	-0.581911 1.11337
238	-0.743888 1.15525
239	-0.0984787 1.00119
240	-0.471427 1.12296
241	0.697121 1.27394
242	-0.48209 1.09712
243	-0.451689 1.12053
244	6.3123 7.3265
245	-0.963165 1.19977
246	-0.23731 0.914407
247	-0.242729 1.03031
248	0.606606 3.96376
249	-0.474245 1.09664
250	0.0192332 0.998168
251	-0.109474 1.00236
252	-0.999726 1.17413
253	6.4222 7.45272
254	-0.632241 1.01561
255	-0.366228 0.950996
256	-0.214773 1.01104
257	-0.22477 1.06001
258	-0.770177 1.1146
259	-2.02221 1.84007
260	1.30016 1.63031
261	-2.55012 2.36296
262	-0.808552 1.16047
263	-0.66149 0.926552
264	0.641729 4.05034
265	-1.1542 1.24727
266	-0.573078 1.12815
267	-2.1128 2.0558
268	-2.10091 2.01287
269	-0.557654 1.04928
270	0.0112341 1.05271
271	0.59807 1.21858
272	-0.60367 1.12828
273	-0.491307 1.09814
274	-2.28884 2.09727
275	-0.260283 1.02594
276	-0.0062719 0.987736
277	-0.511097 1.0059
278	-0.446004 1.03352
279	1.91641 2.12289
280	-0.468099 1.0364
281	-0.67633 1.14201
282	-0.269615 0.921965
283	-0.942104 1.23372
284	-0.25507 1.03509
285	-0.791945 1.11175
286	0.630253 4.04569
287	-0.340689 1.06806
288	-0.199591 1.04378
289	-0.553064 1.10216
290	1.6285 1.86962
291	0.621193 3.98698
292	-0.528155 1.10747
293	-0.253775 1.02486
294	-1.37432 1.40282
295	-1.09583 1.27523
296	0.689017 1.09514
297	0.597137 3.88886
298	-0.153042 1.04785
299	2.39031 2.47607
300	-2.02443 1.86275
301	-0.559406 1.08693
302	-0.464589 1.0205
303	-0.534521 1.11113
304	1.55965 1.86018
305	0.60728 3.93122
306	-2.45428 2.25371
307	-0.471954 1.05009
308	-1.34707 1.36695
309	-0.3738 1.09336
310	-0.326766 1.05156
311	0.024855 1.07361
312	0.619259 4.01457
313	1.4763 1.759
314	0.519825 1.11667
315	-2.21274 2.11506
316	-0.2989 0.92497
317	0.64438 1.18082
318	-0.445635 1.12064
319	-0.199594 1.05213
320	-0.678133 1.12985
321	1.97454 2.09937
322	0.0119106 1.03036
323	0.580856 3.59004
324	-0.22245 1.01931
325	1.56182 1.78112
326	-0.108068 1.06612
327	1.33449 1.6395
328	-0.292072 1.082
329	0.655479 1.2353
330	-1.56246 1.49939
331	-0.083224 1.02384
332	-1.91299 1.82746
333	-0.569017 1.07108
334	-0.654228 1.091
335	-0.476565 1.08097
336	-0.0254518 1.00354
337	0.624374 4.01428
338	-0.0813017 1.04205
339	-0.0868681 0.982449
340	0.337261 1.11047
341	1.51277 1.84864
342	-0.596059 0.978717
343	0.825505 1.36524
344	-0.546962 1.00827
345	1.2488 1.46763
346	-0.280365 1.03452
347	-1.46365 1.43689
348	-0.585951 1.12177
349	-0.519761 1.08735
350	-0.421894 1.09733
351	-0.00416153 1.06453
352	-1.32763 1.3873
353	-0.147992 1.00244
354	1.46937 1.77241
355	1.39808 1.68672
356	-0.6569 1.12728
357	0.0550559 1.03415
358	2.3325 2.76644
359	-0.505169 1.03061
360	0.667769 4.38982
361	2.13744 2.2776
362	1.81351 1.95919
363	2.00474 2.09433
364	-0.671296 1.08776
365	-0.236721 1.0289
366	-1.37466 1.37639
367	0.634127 4.05983
368	-0.189656 1.0487
369	-0.400468 1.06066
370	-0.211502 1.00981
371	-1.30242 1.37743
372	-1.51139 1.53934
373	0.846054 1.39393
374	-0.722987 1.08023
375	-0.282092 1.09676
376	0.289962 1.08126
377	-0.4041 1.04915
378	0.636479 4.10116
379	-0.227042 0.999959
380	-1.11344 1.312
381	-0.330036 1.00099
382	-0.0794055 0.96582
383	-0.451878 1.07008
384	0.623843 4.04575
385	-1.67479 1.58705
386	-0.79163 1.18588
387	0.596165 3.63328
388	-0.566836 1.0401
389	1.94822 1.99796
390	0.549943 1.00158
391	1.1655 1.50948
392	-0.293882 1.04735
393	-1.44746 1.52042
394	-0.491647 0.969597
395	-0.715078 1.12851
396	-0.659312 1.13153
397	0.282592 0.973087
398	-1.92087 1.83293
399	-0.234476 0.99846
400	-0.261998 1.0019
401	2.27208 2.46665
402	-0.348471 1.05038
403	-0.0066831 1.03904
404	-0.290321 1.05636
405	0.622048 4.00891
406	-0.350843 1.02015
407	-0.141098 1.01677
408	-0.649415 1.13458
409	0.679224 1.31625
410	-0.59928 1.10447
411	1.3878 1.66664
412	1.69901 1.98184
413	-0.828986 1.17239
414	1.99595 2.0945
415	-0.58018 1.12507
416	0.687814 1.24074
417	-0.245913 1.01074
418	-0.548222 1.10596
419	0.315819 1.11596
420	-1.05763 1.22858
421	0.820289 1.19115
422	0.870571 1.30494
423	-1.09248 1.18318
424	-2.0146 1.82202
425	-0.377306 0.999446
426	-0.159362 0.998597
427	-0.325311 1.08543
428	-1.84612 1.69001
429	1.30636 1.55256
430	-0.519873 1.0836
431	0.114685 1.03888
432	-0.592928 1.05007
433	-0.330736 1.02654
434	0.782736 1.31934
435	-1.52301 1.50128
436	-0.265598 1.05718
437	-0.214197 0.988883
438	-0.204351 1.0459
439	-0.51911 1.07574
440	-0.55907 0.996904
441	0.578093 3.61729
442	-0.382869 0.971298
443	-2.45389 2.3247
444	-0.527204 1.06096
445	-0.21647 0.943132
446	1.03526 1.42047
447	-0.315568 1.04082
448	1.41501 1.69642
449	-0.879108 1.13094
450	-0.147342 1.00221
451	1.13016 1.44612
452	0.101034 1.00613
453	-1.08773 1.26751
454	-0.414228 1.05362
455	-0.631438 1.09952
456	-0.513246 1.10088
457	-0.191511 1.04742
458	-0.778481 1.18225
459	-0.235303 0.845256
460	-0.879797 1.20773
461	0.851532 1.31268
462	-0.288018 0.970385
463	0.583955 3.61204
464	1.91158 2.1872
465	-0.200591 1.00408
466	0.642588 4.116
467	-0.666918 1.1354
468	-0.214342 1.08584
469	-0.503366 1.11821
470	-0.388854 1.00996
471	-0.476952 1.09357
472	0.1441 1.04241
473	0.0884878 1.04392
474	-1.98163 1.8795
475	-1.94172 1.83674
476	1.48942 1.79009
477	-0.0981212 1.04893
478	4.06092 4.27726
479	-0.833736 1.12449
480	-0.314624 1.02833
481	-0.29117 1.03324
482	-0.486987 1.01089
483	1.65217 1.88004
484	0.581214 3.57235
485	-0.281891 0.994881
486	-0.371837 1.07942
487	-0.633359 1.13131
488	-0.217337 1.04671
489	-0.37335 1.04578
490	-1.82745 1.75879
491	1.42306 1.75354
492	0.751345 1.30108
493	-0.503166 1.07385
494	-0.642415 1.09968
495	-0.460524 1.05461
496	0.362348 1.11371
497	-0.0750985 0.979135
498	-0.556117 1.112
499	-0.295675 1.10585
500	-0.528005 1.11943
501	-1.33123 1.41048
502	-0.00942512 0.977537
503	0.369745 0.999818
504	-0.731003 1.15485
505	-0.316733 1.01435
506	0.722754 1.28069
507	2.15455 2.2656
508	-0.354283 1.03421
509	1.40567 1.75701
510	-1.73186 1.72036
511	0.350896 0.960318
512	0.177074 1.06633
513	0.0708062 1.05051
514	0.406912 1.1473
515	1.11029 1.51107
516	-0.785347 1.17051
517	2.12457 2.31325
518	0.294315 1.02236
519	-0.635266 1.14372
520	-0.662257 1.11335
521	-0.274335 1.0633
522	-0.160605 1.03423
523	0.732784 1.2146
524	-0.810486 1.15572
525	0.12328 0.935736
526	2.34968 2.47418
527	-0.653248 1.14307
528	-0.62633 1.10688
529	0.794396 1.30691
530	1.80665 2.06215
531	0.125939 0.982611
532	2.16741 2.24057
533	0.747475 1.29983
534	-0.605791 1.09322
535	-0.379698 1.04792
536	-0.809791 1.17355
537	-0.585722 1.07847
538	1.0518 1.37824
539	-0.324079 1.03702
540	-0.221816 0.97197
541	0.611913 3.98721
542	1.67164 1.84829
543	-0.351046 1.04174
544	1.37023 1.68843
545	6.20917 7.21621
546	-0.399759 1.0612
547	-2.10478 1.99304
548	-0.338821 1.04517
549	0.983813 1.3579
550	1.07266 1.41016
551	-0.331071 1.0544
552	-0.426137 1.09578
553	-0.737469 1.15623
554	1.63949 1.836
555	0.858391 1.27098
556	-0.584689 1.05888
557	-0.513306 1.0498
558	1.80311 1.95817
559	-0.563252 1.07829
560	0.765416 1.33106
561	0.615499 1.13029
562	-0.62614 1.08882
563	1.74693 1.8774
564	1.8955 1.97241
565	2.94455 2.97299
566	-0.377144 1.02525
567	2.12712 2.33809
568	0.643298 1.18667
569	-0.670387 1.11812
570	-0.378416 1.0733
571	1.67407 1.93336
572	-0.235126 1.02451
573	-0.077251 1.00349
574	-0.3271 1.08979
575	-0.705846 1.14997
576	-0.64634 1.14688
577	-0.553553 1.08692
578	1.37861 1.65107
579	-0.400407 1.06713
580	1.86038 1.93321
581	-0.274748 1.03729
582	-0.688592 1.07156
583	-1.97872 1.90127
584	0.609911 3.9591
585	-0.255987 1.06499
586	0.106696 1.05042
587	0.899733 1.41356
588	-0.701215 1.13905
589	0.887614 1.35738
590	-1.07064 1.24037
591	-0.476136 1.07922
592	1.83411 1.88911
593	1.90287 2.05119
594	-0.397571 1.05912
595	2.50858 2.59387
596	-0.356207 0.984053
597	-1.12201 1.256
598	1.32667 1.59258
599	-0.397116 1.09048
600	0.670086 1.27278
601	-0.405933 0.926364
602	-0.883333 1.17554
603	0.518555 1.12907
604	1.07285 1.404
605	1.09107 1.37777
606	-0.268301 1.00737
607	-0.416774 1.0927
608	1.4799 1.74508
609	0.17929 1.00778
610	0.761194 5.39214
611	1.72214 2.02945
612	-0.339907 1.03004
613	-0.410681 0.992545
614	1.9429 2.18245
615	-1.21799 1.25657
616	-0.221912 1.07245
617	-0.691437 1.05859
618	1.45918 1.73849
619	-0.883261 1.22084
620	1.28288 1.57309
621	0.307971 1.04829
622	-0.653248 1.13822
623	0.870051 1.25966
624	1.17394 1.50137
625	1.62685 1.87184
626	-0.25247 1.02785
627	-0.922194 1.17027
628	-0.317873 0.967122
629	-0.97229 1.13192
630	-0.856662 1.19191
631	-1.23082 1.39322
632	1.33238 1.57871
633	-0.306019 1.03524
634	-0.221395 1.03902
635	0.618709 3.97688
636	-0.885083 1.2016
637	0.347879 1.10851
638	0.662816 4.37393
639	0.131322 0.982348
640	0.712662 1.28115
641	0.629223 4.08081
642	0.385133 1.06388
643	1.35738 1.68759
644	-0.571477 1.02159
645	-1.33941 1.36448
646	-0.688011 0.996949
647	2.36876 2.62247
648	0.777778 1.16824
649	-1.18188 1.34795
650	-0.0643044 0.969596
651	-0.616726 1.13041
652	-1.84815 1.80023
653	-0.792069 1.11129
654	-0.705357 1.12687
655	0.690452 1.22664
656	-0.526461 1.09428
657	-0.580488 1.14319
658	1.25165 1.57858
659	-0.417126 1.08905
660	2.8924 3.10461
661	2.03904 2.22852
662	1.62925 1.90382
663	0.422156 1.12786
664	0.0212608 0.848753
665	-1.8633 1.79723
666	-0.360095 1.04445
667	-0.689042 1.13798
668	1.40106 1.67959
669	1.05826 1.40512
670	-1.21002 1.32036
671	-1.75668 1.71503
672	-0.41713 1.05478
673	0.0861228 0.964697
674	0.11803 1.06132
675	1.79797 1.95588
676	-0.348568 1.09947
677	-0.336725 1.07422
678	0.631874 4.05636
679	-0.586154 1.07798
680	0.230909 1.05871
681	-0.684346 1.15762
682	1.60157 1.81626
683	-0.895678 1.22372
684	-0.27492 1.03729
685	-0.716506 1.17366
686	-0.457252 1.08302
687	0.49612 1.13541
688	-0.273518 1.02927
689	-0.216595 1.00275
690	0.0866494 1.08643
691	-0.227483 1.02065
692	-0.318214 1.04061
693	1.44086 1.75448
694	-0.428925 1.01724
695	-0.310929 1.01676
696	2.0228 2.07198
697	-1.16022 1.32095
698	-1.735 1.62784
699	-0.650407 1.0875
700	-0.247664 1.00065
701	0.529516 1.20354
702	0.0138368 0.987345
703	-0.268437 1.03662
704	0.0332152 1.03293
705	1.54467 1.73467
706	-0.341565 1.08116
707	-0.215671 0.952199
708	1.70892 2.02358
709	-0.120418 0.855607
710	0.149192 1.04517
711	-0.252603 1.06398
712	-0.166292 1.01438
713	-0.872037 1.14068
714	-0.221446 0.987059
715	1.67172 1.89366
716	-0.713599 1.08875
717	-0.0999268 0.969142
718	0.114829 1.0092
719	0.0705294 0.974776
720	1.02846 1.31144
721	-0.607432 1.08147
722	-0.382263 1.0883
723	-0.286061 1.08094
724	-0.269386 1.01266
725	-0.817953 1.10273
726	-1.00785 1.23256
727	-0.571582 1.06401
728	-0.373666 1.03309
729	-0.598052 1.12004
730	0.825321 1.2476
731	-0.502589 1.10565
732	-0.51104 1.12127
733	-0.610326 1.10335
734	-0.650363 1.11103
735	1.63744 1.817
736	-0.348369 1.06906
737	-0.551921 1.03884
738	-0.0793224 1.0192
739	0.699697 1.21976
740	-1.62189 1.60762
741	1.79446 2.06868
742	-0.392665 0.984565
743	1.39407 1.72264
744	-0.779645 1.07634
745	-0.425438 1.07071
746	-1.79311 1.72311
747	-0.0121897 1.05186
748	-0.357044 1.03331
749	-0.531972 1.0469
750	-0.857899 1.16991
751	-1.19416 1.26133
752	-0.525017 1.12255
753	-0.889822 1.15258
754	0.588364 3.72694
755	-0.155987 1.03823
756	-0.820803 1.15035
757	-0.0412347 1.04719
758	-0.610669 1.12184
759	-0.393296 1.04339
760	-0.345333 1.054
761	-2.17431 2.04215
762	-2.41981 2.25734
763	-0.568366 0.929393
764	-0.33733 1.09193
765	-0.121687 1.06294
766	1.39173 1.68311
767	-1.22054 1.37033
768	-0.0689334 1.0259
769	-1.48444 1.54202
770	-0.593488 1.08166
771	-1.46557 1.55607
772	0.667107 4.30225
773	0.605594 3.90848
774	-0.841806 1.12185
775	-1.56566 1.58456
776	-0.947357 1.19932
777	-0.483508 1.11654
778	2.50041 2.60042
779	1.40662 1.70456
780	0.61134 1.2256
781	1.68603 1.95977
782	1.17664 1.54041
783	5.91776 6.88772
784	-0.107079 1.03208
785	-0.587764 1.0863
786	-0.257565 0.98767
787	-0.421001 1.08556
788	0.685815 1.22361
789	0.31966 1.06218
790	-0.363924 0.965542
791	0.648584 4.16201
792	1.79128 2.02192
793	-0.200898 1.03789
794	-0.294121 1.01271
795	-0.412495 1.09278
796	-1.78921 1.72303
797	0.271121 1.06444
798	-0.373033 1.04516
799	-0.13373 0.995715
800	-0.17636 1.04234
801	-1.29991 1.36239
802	2.24764 2.50217
803	-0.640686 1.04375
804	-0.489867 0.996128
805	0.679107 1.16566
806	-0.136622 0.954097
807	-0.550798 1.07737
808	-0.782162 1.19314
809	-0.54999 0.952502
810	6.09389 7.08103
811	1.26395 1.552
812	1.54983 1.8481
813	-0.138477 1.00669
814	-0.611129 1.11305
815	0.725067 1.23878
816	0.901559 1.28856
817	2.41227 2.4932
818	-0.536566 1.13955
819	0.196135 0.959836
820	-0.410008 0.974759
821	0.626974 4.02866
822	1.35317 1.66634
823	1.20999 1.57806
824	0.131948 1.02593
825	-0.00362343 1.0235
826	0.0735699 1.00863
827	-0.475678 1.04646
828	-0.54206 1.05951
829	-0.341275 1.02552
830	-0.760577 1.1562
831	-0.596869 1.11403
832	-0.544434 1.1015
833	-1.22039 1.37069
834	-0.667018 1.11021
835	-0.759586 1.11823
836	0.237305 1.08252
837	2.3689 2.62128
838	-1.83665 1.77075
839	-0.0602466 1.0073
840	-0.279308 1.05064
841	0.110879 0.965299
842	-0.775933 1.12566
843	1.79653 2.06191
844	-0.364828 0.997295
845	-0.584889 1.03637
846	-0.158994 0.996868
847	0.683979 1.20927
848	-2.28381 2.12166
849	-0.564088 1.0851
850	-0.510638 0.973795
851	0.676781 1.22803
852	1.37933 1.70729
853	-0.764396 1.06667
854	-0.373971 1.0804
855	-0.442323 1.06244
856	-0.636998 1.07907
857	-0.59387 1.13939
858	0.542099 1.20234
859	-0.84252 1.13232
860	0.53809 1.16213
861	0.869273 1.27606
862	-0.977329 1.22687
863	0.552899 1.2336
864	0.698968 1.22318
865	-0.102782 1.04065
866	-0.260536 1.06614
867	1.06037 1.41393
868	0.686075 4.61273
869	-0.425381 1.05162
870	-0.01085 1.06212
871	-0.172461 1.04576
872	0.922757 1.38426
873	0.552284 1.23618
874	-0.545669 1.08136
875	0.719755 1.2536
876	1.56787 1.80475
877	-0.362481 1.0696
878	-0.587331 1.11728
879	-0.496931 1.09412
880	1.48021 1.74079
881	-0.235805 1.016
882	1.5353 1.69294
883	-0.199194 1.06339
884	-0.144077 0.963869
885	-0.843486 1.16782
886	-1.80415 1.69791
887	-0.0152496 1.03191
888	-0.804239 1.20219
889	-0.101473 1.02885
890	0.176309 0.986249
891	2.81987 2.94106
892	-0.398027 1.08967
893	-0.55788 1.07924
894	-0.609305 1.10284
895	0.624216 1.11516
896	1.71133 1.8478
897	-0.81918 1.20287
898	-0.449139 1.11376
899	0.669181 1.25992
900	-0.608721 1.09736
901	-0.68709 1.07824
902	-0.455588 1.101
903	1.49734 1.87652
904	-3.08954 2.96189
905	-0.469251 1.04327
906	1.36189 1.62844
907	-1.17158 1.37962
908	-0.433678 1.05492
909	-0.772459 1.19076
910	-1.03654 1.26879
911	-0.274719 0.987161
912	-0.00666581 1.07056
913	-0.444708 1.11092
914	-0.970131 1.25991
915	5.82052 6.77515
916	-0.690993 1.07885
917	1.46395 1.75942
918	0.57844 1.18136
919	1.39019 1.66809
920	-0.19021 0.892383
921	-1.45957 1.46794
922	-0.537351 1.06572
923	-0.468587 1.05133
924	-0.0371188 1.08533
925	-1.08619 1.33784
926	-1.10717 1.34695
927	-2.59421 2.41102
928	-0.574035 1.09375
929	0.625988 4.01886
930	-0.419692 0.998018
931	2.21896 2.50175
932	-0.154973 1.07521
933	0.645221 4.15821
934	0.222186 1.07844
935	-0.510706 1.10075
936	-0.377771 1.06991
937	-0.650098 1.06702
938	-0.440982 1.09272
939	-0.786128 1.15589
940	-0.457221 1.11457
941	0.440448 1.17197
942	-0.0514528 1.02993
943	2.31616 2.46079
944	-0.886311 1.1006
945	0.597118 3.72471
946	-1.41115 1.48459
947	-0.420258 1.08824
948	-0.645649 1.12515
949	1.3947 1.704
950	-0.611878 1.10659
951	2.21458 2.4253
952	1.72067 1.98366
953	-0.464677 1.06258
954	-0.56986 1.09132
955	0.379787 1.12133
956	0.445994 1.13487
957	-2.30725 2.16903
958	1.02102 1.36789
959	2.40498 2.61946
960	-2.23617 2.11513
961	0.539332 1.1899
962	1.64437 1.82625
963	-0.349679 1.07262
964	0.0342694 1.06475
965	-0.256145 1.01262
966	-0.848585 1.13814
967	0.609151 3.93698
968	0.968098 1.35792
969	-0.458877 1.07767
970	-0.0192094 0.926635
971	1.93516 2.1152
972	1.71223 1.83982
973	-1.04573 1.19467
974	-0.0411409 1.0675
975	-0.0655916 0.964655
976	-1.61404 1.65698
977	-0.493183 1.045
978	-0.450637 1.1174
979	0.00927761 1.06235
980	0.305906 1.10729
981	1.9227 2.16576
982	0.489179 1.0671
983	-1.16467 1.38636
984	-0.334191 1.05488
985	1.8011 1.99609
986	0.340459 1.11762
987	0.842956 1.32105
988	-2.15384 2.05383
989	2.20475 2.4571
990	-0.541737 1.05355
991	0.660985 1.27691
992	-0.496394 1.13101
993	1.43549 1.77224
994	1.58672 1.87712
995	-0.295187 1.02022
996	1.9714 2.04501
997	0.0818447 1.05097
998	-2.55371 2.42655
999	-0.380293 0.999669
1000	-0.303345 1.00065
1001	2.52262 2.66654
1002	-0.218358 1.05005
1003	-0.355081 1.06994
1004	-0.610453 1.1314
1005	-0.456973 1.08965
1006	-0.56359 1.10903
1007	-0.463802 1.04247
1008	-0.26384 1.01085
1009	-0.416047 1.01666
1010	1.11328 1.46258
1011	-1.31038 1.37938
1012	-0.38251 1.06068
1013	2.31174 2.42786
1014	-1.03676 1.30043
1015	1.78466 1.99969
1016	-0.21546 1.03823
1017	-0.533919 1.06542
1018	1.47594 1.68985
1019	-0.781037 1.11712
1020	-1.92474 1.81299
1021	0.742358 1.2268
1022	1.85441 1.88375
1023	-0.837871 1.21161
1024	1.04149 1.40979
1025	-0.990118 1.23332
1026	1.6407 1.91864
1027	4.80037 5.57514
1028	0.39751 1.11416
1029	-0.580705 1.07904
1030	-0.471372 1.08719
1031	-0.746881 1.17154
1032	-0.962446 1.20118
1033	-1.69847 1.61829
1034	1.85667 2.03065
1035	-0.34064 1.01348
1036	1.13113 1.4845
1037	-1.07673 1.23617
1038	-0.73661 1.15837
1039	-1.20635 1.29643
1040	-0.594429 1.10995
1041	-0.421928 1.04829
1042	0.614262 3.98653
1043	0.532862 1.21053
1044	1.26353 1.60067
1045	-1.23957 1.3438
1046	-2.12126 1.8815
1047	-1.05574 1.26362
1048	1.78721 2.05265
1049	0.759497 1.31963
1050	6.22346 7.23638
1051	-0.642444 1.1207
1052	-0.724686 1.12577
1053	-0.395858 1.09352
1054	-0.674311 1.14535
1055	1.31465 1.61631
1056	2.99112 3.11429
1057	-1.11269 1.27938
1058	-0.894155 1.18156
1059	-0.940924 1.27859
1060	2.44318 2.58361
1061	0.630891 4.058
1062	2.04457 2.20576
1063	-0.643952 1.12059
1064	0.506122 1.15422
1065	-0.742683 1.11747
1066	-0.634765 1.066
1067	0.616577 3.98196
1068	3.23675 3.39736
1069	-0.498414 1.09145
1070	-0.531494 1.10239
1071	-0.56599 1.09453
1072	0.301803 1.11027
1073	0.867361 1.35687
1074	-0.273845 1.08008
1075	-0.330129 1.0493
1076	-1.90073 1.85927
1077	-0.43499 1.06959
1078	-0.51046 1.07147
1079	1.41016 1.62044
1080	1.55233 1.74874
1081	0.0949881 1.01967
1082	-0.61587 1.07964
1083	-0.205043 0.995112
1084	-1.21008 1.32822
1085	-0.46985 1.0383
1086	0.920625 1.36093
1087	0.621135 3.98223
1088	-0.762431 1.17141
1089	3.14284 3.28289
1090	-1.47876 1.53396
1091	0.626166 4.02718
1092	-0.899435 1.16378
1093	-1.04227 1.19273
1094	-0.58321 1.06911
1095	-0.544051 1.09573
1096	-0.396976 1.03112
1097	0.198671 0.999967
1098	-0.503714 1.09002
1099	-0.371533 1.06324
1100	-1.06087 1.15488
1101	-0.995563 1.23188
1102	-0.834986 1.20463
1103	-0.65117 1.02758
1104	0.756149 1.17752
1105	-0.288857 1.0043
1106	-0.621903 1.09036
1107	0.643014 4.11128
1108	-0.800927 1.11188
1109	-0.623888 1.0905
1110	1.94096 2.15255
1111	-0.185868 1.0426
1112	0.573298 1.17471
1113	-0.667143 1.13888
1114	-0.981804 1.2822
1115	-0.3443 1.09407
1116	-0.257329 1.04292
1117	0.635021 1.21116
1118	-0.79619 1.15415
1119	-0.0164217 0.995787
1120	-0.805966 1.11098
1121	-0.894025 1.14723
1122	-1.26401 1.37893
1123	1.01439 1.37806
1124	0.617917 4.00694
1125	0.678611 1.23458
1126	-1.2351 1.37175
1127	-0.0530102 1.04425
1128	-0.723887 1.09643
1129	-0.222376 1.02244
1130	-0.57967 1.09822
1131	-0.227958 0.965642
1132	0.616122 3.96033
1133	-0.942059 1.17592
1134	-0.18683 0.982634
1135	0.0331194 1.01448
1136	-1.03177 1.25919
1137	1.9745 2.26612
1138	-1.11346 1.28199
1139	1.53106 1.82672
1140	-0.279364 1.05254
1141	-1.45124 1.48011
1142	-0.815059 1.13171
1143	1.62418 1.84378
1144	0.62062 3.9994
1145	-0.362836 1.11509
1146	-1.28815 1.44422
1147	0.944576 1.37439
1148	1.36704 1.68223
1149	-0.355185 1.04797
1150	1.83709 2.07761
1151	1.1496 1.52304
1152	1.77356 1.87353
1153	1.98497 2.0801
1154	0.626076 1.21157
1155	-1.83166 1.77055
1156	0.372744 1.12122
1157	-0.396032 1.07472
1158	6.26525 7.26743
1159	0.62775 4.0182
1160	-1.33012 1.40406
1161	-0.704102 1.1399
1162	-0.836242 1.20064
1163	1.79642 1.95314
1164	-0.541575 1.11986
1165	2.03239 2.09256
1166	-0.423892 1.03198
1167	-1.65332 1.60195
1168	-1.16076 1.30414
1169	0.594938 1.1484
1170	-3.28906 3.16366
1171	0.548174 1.12634
1172	-0.679153 1.08114
1173	0.927829 1.29734
1174	-0.270894 1.03511
1175	-0.42608 1.00932
1176	-0.548498 1.09283
1177	1.97081 2.04961
1178	0.583513 3.62447
1179	-1.03087 1.2453
1180	1.73961 1.92658
1181	-0.399663 0.998403
1182	1.5751 1.87657
1183	1.79949 1.91562
1184	1.22169 1.5386
1185	-0.799092 1.0974
1186	1.95703 2.18011
1187	-0.746376 1.12262
1188	0.0963603 1.02382
1189	-1.9132 1.82117
1190	-0.0140923 1.0217
1191	2.91633 3.03014
1192	0.626729 4.04473
1193	1.05974 1.45672
1194	1.12649 1.42367
1195	1.77898 1.97547
1196	1.93581 2.01412
1197	-1.058 1.26067
1198	-1.3287 1.34587
1199	-1.21822 1.31073
1200	-0.780604 1.12157
1201	-0.605771 1.10368
1202	-0.242715 1.05847
1203	-0.859066 1.14174
1204	-0.275584 1.04671
1205	-0.681777 1.12998
1206	-1.68958 1.65171
1207	-1.10095 1.19187
1208	-1.18328 1.37401
1209	-0.354022 1.0417
1210	0.639633 1.28096
1211	6.27735 7.29109
1212	0.77495 1.24677
1213	-2.5418 2.30978
1214	0.839517 1.30995
1215	-0.254595 0.945016
1216	-0.294445 1.04668
1217	2.89463 3.00497
1218	-2.81628 2.69229
1219	-0.677478 1.16704
1220	-1.81233 1.73022
1221	-0.473354 1.06935
1222	1.41753 1.72814
1223	1.55834 1.82917
1224	1.48686 1.79374
1225	6.36977 7.39339
1226	-0.580892 1.05767
1227	0.888961 1.22756
1228	1.99819 2.11206
1229	-0.223654 1.04854
1230	0.0326583 1.00041
1231	-1.20286 1.28465
1232	-0.0405914 0.98199
1233	-0.182477 0.972475
1234	-1.1691 1.27633
1235	-0.192436 0.983624
1236	-0.45545 1.08003
1237	1.17329 1.55596
1238	0.62524 4.00244
1239	0.568771 1.10589
1240	-0.0701859 1.0188
1241	-0.533767 1.07717
1242	-0.895826 1.19452
1243	-0.675988 1.14155
1244	-0.802385 1.16113
1245	-0.457665 1.07659
1246	-0.214345 1.02429
1247	2.10448 2.36896
1248	-0.353766 1.00676
1249	1.24244 1.58992
1250	2.00674 2.30449
1251	0.754992 1.25626
1252	-0.441565 1.10666
1253	-0.282579 1.02228
1254	-0.346017 1.06378
1255	-0.0570794 1.03695
1256	0.340902 1.12422
1257	-1.14753 1.38333
1258	-1.10575 1.21815
1259	-1.73844 1.72207
1260	-0.644259 1.12513
1261	-0.782147 1.16163
1262	0.928335 1.41035
1263	-0.580127 1.11608
1264	1.38663 1.72435
1265	-0.530304 0.969129
1266	-0.160954 1.04203
1267	0.634759 1.14711
1268	-1.9763 1.88094
1269	-1.88047 1.80479
1270	0.722799 1.31149
1271	2.33096 2.39768
1272	-0.570436 1.10489
1273	-0.536934 1.06692
1274	1.60882 1.86043
1275	-0.287853 0.946751
1276	-0.882304 1.14424
1277	0.618378 3.94957
1278	-1.17135 1.25968
1279	-0.0820602 0.957785
1280	-0.29987 1.08683
1281	-0.139784 0.953737
1282	-0.463432 1.06117
1283	0.566238 1.22096
1284	-0.227706 1.07599
1285	-0.483982 1.06999
1286	-0.63222 1.17867
1287	0.0704204 1.0529
1288	6.2211 7.21839
1289	-0.441615 1.12292
1290	-0.670122 1.13912
1291	1.83705 1.97446
1292	0.110675 1.085
1293	-0.178131 1.03062
1294	0.196749 1.02541
1295	-1.25137 1.35884
1296	1.89318 1.98348
1297	0.765524 1.22222
1298	2.13656 2.35025
1299	1.07509 1.41526
1300	1.70748 1.8832
1301	1.63695 1.87507
1302	0.569665 1.19218
1303	-0.200125 0.992542
1304	0.0417107 1.05748
1305	1.30418 1.5867
1306	-0.750607 1.10605
1307	-0.0658252 1.06276
1308	-0.333621 1.06246
1309	-1.56802 1.53604
1310	-0.684474 1.1119
1311	-0.359852 0.992763
1312	0.419384 1.08515
1313	-0.672231 1.09907
1314	1.54146 1.82133
1315	-0.278569 1.02901
1316	-0.367598 1.0527
1317	-1.29153 1.3887
1318	1.36695 1.72071
1319	0.620691 4.01243
1320	0.624361 4.01204
1321	1.13517 1.50211
1322	-0.897612 1.21165
1323	-0.391714 1.04575
1324	0.602543 3.9173
1325	-0.402199 1.01021
1326	0.938775 1.34086
1327	-0.312335 1.06532
1328	1.46389 1.76076
1329	-0.549951 1.10211
1330	1.29106 1.57601
1331	-0.369313 0.99823
1332	1.29092 1.59271
1333	2.35218 2.54317
1334	-0.787424 1.14891
1335	2.3941 2.44263
1336	1.99106 2.19714
1337	-0.171458 1.06862
1338	-0.0938341 1.04162
1339	-0.565977 1.10889
1340	2.41255 2.68985
1341	-0.369906 1.05645
1342	-0.525687 1.08185
1343	-0.37907 0.991298
1344	1.74619 1.86699
1345	-0.503823 1.08393
1346	1.92805 2.15675
1347	0.657817 4.32547
1348	-2.10587 1.98472
1349	-0.340253 0.991595
1350	0.654797 4.19971
1351	1.33532 1.67052
1352	-0.564707 1.08531
1353	-0.485402 1.08004
1354	0.629844 1.18166
1355	-0.0182498 1.01168
1356	0.554788 1.09783
1357	0.589698 1.24009
1358	-1.22702 1.37708
1359	-0.538145 1.04612
1360	1.29094 1.62248
1361	-0.902084 1.18324
1362	-0.0853182 1.04725
1363	0.611228 3.91525
1364	-0.145072 1.03219
1365	-0.348976 1.07013
1366	-0.410849 1.01968
1367	-0.556907 1.09703
1368	-0.265916 1.07092
1369	-0.553177 1.05704
1370	1.33903 1.68415
1371	-0.0304478 1.063
1372	-0.631691 1.09101
1373	-1.24969 1.30039
1374	0.623076 4.04446
1375	1.0832 1.48014
1376	2.03365 2.30784
1377	-0.714846 1.09994
1378	6.37588 7.39292
1379	-1.6927 1.64854
1380	-0.17788 1.05798
1381	-0.0343314 1.03712
1382	-2.63645 2.52405
1383	-0.658424 1.15491
1384	0.617386 3.97245
1385	-0.242895 1.00623
1386	-0.149524 1.07232
1387	-0.352572 1.00907
1388	-0.553261 1.09508
1389	-0.55033 1.09969
1390	0.55965 1.10588
1391	-0.0619059 0.91447
1392	0.0758568 1.03397
1393	1.9006 2.17556
1394	0.83942 1.28244
1395	-0.366735 0.939784
1396	-0.174668 1.04648
1397	-0.763956 1.17544
1398	-0.575873 1.03893
1399	-0.532637 1.07811
1400	-2.10709 1.93509
1401	-3.06132 2.93772
1402	0.607981 3.9304
1403	-1.27355 1.2962
1404	-0.265236 1.02978
1405	-0.875943 1.22286
1406	1.11854 1.58064
1407	-0.714398 0.9896
1408	-0.111612 1.00839
1409	-2.03019 1.92134
1410	-1.1923 1.27858
1411	-0.535934 1.07483
1412	0.168184 1.06363
1413	-0.927763 1.23812
1414	-0.159509 1.06791
1415	-0.924978 1.20189
1416	-0.411213 1.03113
1417	-1.97453 1.887
1418	-0.741974 1.08674
1419	0.605473 1.16924
1420	-0.225311 1.04549
1421	2.28289 2.3694
1422	1.70495 1.81641
1423	-0.434084 1.10411
1424	-1.82117 1.76057
1425	1.42505 1.75754
1426	-0.290338 1.0899
1427	-0.339939 0.986915
1428	-0.316095 1.09029
1429	-0.387123 1.07743
1430	-0.649907 1.13117
1431	-0.635187 1.11941
1432	-0.930341 1.23403
1433	-0.651626 1.07469
1434	0.644884 4.12287
1435	1.73252 1.97765
1436	0.842015 1.38561
1437	-0.379075 1.07512
1438	-0.304563 1.0752
1439	1.77987 1.91163
1440	-2.40462 2.17739
1441	-0.886927 1.21214
1442	-1.719 1.70151
1443	-0.321363 0.964508
1444	-0.799687 1.15458
1445	0.521375 1.20635
1446	-1.76887 1.70514
1447	2.06803 2.26333
1448	-1.71165 1.59665
1449	-0.0712822 1.01056
1450	0.0579879 0.915178
1451	-0.698025 1.01698
1452	-0.581488 1.06122
1453	-0.271495 1.06677
1454	-2.70047 2.58841
1455	-0.198438 0.977397
1456	-0.460054 1.05126
1457	-1.02689 1.29137
1458	-1.19248 1.24561
1459	-0.667606 1.13937
1460	-1.00476 1.27003
1461	-1.91157 1.86994
1462	6.39068 7.42285
1463	0.0101174 1.00958
1464	-0.659652 1.14049
1465	0.611953 3.95744
1466	-0.736624 1.07253
1467	-0.370031 0.954296
1468	1.58447 1.86813
1469	1.78206 2.0465
1470	0.839038 1.1941
1471	2.09812 2.24735
1472	-1.0101 1.16109
1473	0.657553 4.34497
1474	2.26637 2.28736
1475	-0.443018 1.06593
1476	-0.171939 0.998464
1477	-0.71747 1.11549
1478	1.99742 2.0635
1479	-0.861987 1.18634
1480	-0.0297137 1.077
1481	-0.546514 1.03346
1482	-0.0743826 1.01733
1483	1.76841 1.9136
1484	-0.530314 1.09032
1485	-0.616305 1.11596
1486	0.799764 1.33345
1487	1.44212 1.73349
1488	-0.817832 1.17898
1489	0.494223 1.0478
1490	0.0449267 0.92233
1491	0.596829 1.19222
1492	-0.483776 1.07746
1493	-0.204338 1.02497
1494	-1.33998 1.36782
1495	-0.620629 1.09803
1496	-0.357102 1.03913
1497	0.348962 1.00033
1498	2.76157 2.85735
1499	-0.725573 1.16156
1500	0.6023 3.93762
1501	-0.727439 1.04339
1502	-0.596537 1.10686
1503	-1.71279 1.67191
1504	0.252703 1.07996
1505	0.763047 1.23202
1506	-0.345689 1.05692
1507	0.913387 1.41095
1508	1.72051 1.89183
1509	-0.553202 1.09586
1510	-0.647671 1.11544
1511	-0.585077 1.06465
1512	-0.372264 1.05401
1513	-0.852207 1.16403
1514	-0.398502 1.05257
1515	-1.21131 1.32354
1516	-0.538528 1.09798
1517	0.463662 0.844363
1518	-0.136187 0.993589
1519	-1.02957 1.2211
1520	-0.0998649 0.992464
1521	0.600821 3.89361
1522	-0.694544 1.05216
1523	2.06293 2.13518
1524	-0.202152 0.992142
1525	-0.810328 1.12849
1526	-0.394563 1.02599
1527	-0.766738 1.15163
1528	0.129256 1.05659
1529	-0.675517 0.987746
1530	-0.0792959 0.99024
1531	1.09748 1.44269
1532	-0.494423 1.07081
1533	-1.72827 1.69425
1534	0.626427 4.02195
1535	-0.536135 1.12076
1536	-0.499597 1.04547
1537	0.114998 1.01992
1538	0.0285272 1.00776
1539	0.167206 1.08427
1540	0.65071 4.17267
1541	-0.507501 1.07227
1542	-0.407805 1.06094
1543	-0.803505 1.19403
1544	-1.51329 1.46332
1545	-0.343811 1.09155
1546	3.1086 3.3142
1547	-0.437036 1.10678
1548	-0.567349 1.09747
1549	1.43444 1.77643
1550	1.5284 1.71647
1551	1.11491 1.49538
1552	-0.409223 1.03576
1553	-0.210007 1.00051
1554	-0.531469 1.10404
1555	0.353234 1.10186
1556	-0.405385 1.092
1557	-1.48266 1.51627
1558	1.13686 1.5275
1559	2.09914 2.36204
1560	-0.460886 1.01082
1561	-1.18138 1.31139
1562	-0.271703 0.986149
1563	-0.189299 0.970764
1564	1.22586 1.5321
1565	0.162071 1.04624
1566	1.44069 1.75912
1567	-1.68969 1.58514
1568	-0.338069 1.0586
1569	1.88459 2.12647
1570	-1.78711 1.69396
1571	-0.432915 1.0043
1572	-0.737215 1.10461
1573	-0.874573 1.21344
1574	0.516413 1.19709
1575	2.39945 2.48878
1576	2.48102 2.55807
1577	-0.5288 1.08559
1578	6.3592 7.38057
1579	-0.0837643 1.01042
1580	-1.32637 1.40879
1581	-1.10183 1.18711
1582	0.757403 1.31346
1583	1.2856 1.61962
1584	1.38524 1.6573
1585	1.27979 1.59918
1586	-0.514649 0.982025
1587	0.845746 1.24301
1588	0.800299 1.35578
1589	0.562527 1.42402
1590	-0.271643 1.07405
1591	-0.435956 1.09469
1592	-1.29926 1.21815
1593	1.60696 1.83268
1594	2.07426 2.34048
1595	2.27924 2.36069
1596	0.417019 1.0699
1597	-0.30488 1.0408
1598	0.987042 1.359
1599	0.601217 1.23987
1600	-0.308429 0.963005
1601	-1.28017 1.38054
1602	-0.335867 1.04485
1603	1.84001 2.02361
1604	-0.24775 1.03221
1605	-1.06123 1.23637
1606	-0.165339 1.04076
1607	-0.458917 0.999522
1608	0.144337 0.996583
1609	-0.382287 1.0395
1610	0.540116 1.20023
1611	0.596187 1.23346
1612	-0.151828 0.978231
1613	2.2676 2.67941
1614	-0.0768505 1.03914
1615	-0.81413 1.12098
1616	-0.602774 1.10983
1617	-0.00766794 0.987149
1618	1.25757 1.63134
1619	-1.10222 1.30993
1620	-0.455516 1.08051
1621	0.629726 4.06836
1622	-0.365885 1.11088
1623	-2.07476 1.89494
1624	0.990909 1.39301
1625	1.37885 1.6807
1626	-1.28668 1.43205
1627	6.38531 7.41013
1628	1.68496 1.89286
1629	-1.91111 1.84729
1630	1.4193 1.72295
1631	-1.22172 1.31045
1632	-0.828225 1.13853
1633	2.03339 2.15852
1634	0.125701 1.08017
1635	-0.0641038 1.01453
1636	-0.418933 1.06058
1637	-0.663574 1.11762
1638	0.480998 1.15648
1639	0.199947 1.02348
1640	1.66337 1.8288
1641	6.0773 7.05856
1642	-0.646353 1.10131
1643	1.39394 1.67913
1644	0.211297 1.04926
1645	0.985053 1.3259
1646	-0.245865 1.02191
1647	-0.252856 1.01507
1648	0.555767 3.52143
1649	-0.226658 1.0044
1650	-0.487177 1.0426
1651	-0.94402 1.23258
1652	-0.576352 1.06294
1653	-0.0768995 1.05436
1654	-0.493941 1.13339
1655	1.27097 1.44072
1656	-1.29362 1.4202
1657	0.597385 1.21362
1658	0.0444926 1.01533
1659	2.37617 2.45333
1660	-0.751928 1.1589
1661	0.576201 1.19933
1662	1.68654 1.89517
1663	0.657764 4.182
1664	1.45299 1.75434
1665	-0.224337 0.975432
1666	-0.122118 0.94698
1667	-0.304763 1.03614
1668	1.41772 1.70362
1669	1.72563 2.02522
1670	-0.299055 1.05286
1671	1.48659 1.6935
1672	-1.07643 1.30795
1673	0.65771 1.2515
1674	0.768344 1.31229
1675	-0.91841 1.19144
1676	-0.00174015 1.0298
1677	-0.554398 1.04772
1678	-0.745835 1.17768
1679	1.28216 1.61839
1680	0.625821 1.24141
1681	0.867884 1.3531
1682	0.938112 1.33611
1683	-0.610986 1.09288
1684	-0.802734 1.13956
1685	1.43891 1.75097
1686	-0.750089 1.1868
1687	1.54615 1.78327
1688	0.923803 1.31996
1689	-0.314809 1.00462
1690	0.620591 4.0081
1691	0.70371 1.22885
1692	1.13378 1.43527
1693	-2.01854 1.90411
1694	-0.183779 1.06909
1695	-0.0743825 0.999197
1696	-0.917318 1.11131
1697	-0.398533 1.12298
1698	-0.4965 1.08344
1699	-0.49333 1.12358
1700	2.40594 2.50611
1701	1.58178 1.86106
1702	-0.543451 0.962927
1703	-2.20411 2.04476
1704	1.92742 2.1875
1705	-0.295229 1.07852
1706	-0.581081 1.08224
1707	-0.225101 0.976579
1708	0.305765 1.07726
1709	-0.643845 1.09201
1710	-1.217 1.32266
1711	0.717072 1.25134
1712	1.56901 1.84175
1713	-0.283432 1.02661
1714	1.58211 1.79231
1715	-0.370944 1.07004
1716	-0.502695 1.07916
1717	-1.23274 1.33627
1718	-0.548678 1.03054
1719	-1.23687 1.32967
1720	-0.390956 0.992856
1721	0.17767 1.01918
1722	-0.188935 0.94482
1723	-1.87174 1.77395
1724	-0.24454 1.02565
1725	0.429435 1.11335
1726	-1.39323 1.44306
1727	1.72441 1.86332
1728	-0.336483 1.0702
1729	-0.474638 1.09834
1730	-0.432939 1.0613
1731	0.575284 3.58093
1732	1.01361 1.39542
1733	0.172832 1.02696
1734	-0.747705 1.14692
1735	-0.054403 0.9424
1736	-1.4707 1.4352
1737	-0.423089 1.05872
1738	-0.199698 1.03402
1739	-1.63459 1.56041
1740	0.536068 1.07329
1741	-0.388765 1.08818
1742	6.36806 7.38381
1743	0.555058 1.20494
1744	0.617903 3.99349
1745	0.629182 4.01299
1746	0.196857 0.972934
1747	0.770262 1.32368
1748	-0.584727 1.09357
1749	-0.341181 1.07001
1750	-0.776574 1.18842
1751	-0.444989 1.03417
1752	2.28766 2.44005
1753	0.519092 1.13236
1754	-0.790525 1.19438
1755	1.37615 1.66297
1756	0.175398 1.0454
1757	0.0628142 1.00668
1758	1.29919 1.64277
1759	-0.724025 1.1019
1760	-0.368452 1.07838
1761	1.26572 1.59743
1762	-0.603802 1.04652
1763	-0.972874 1.19694
1764	0.137178 0.999367
1765	0.725698 1.2865
1766	-1.53396 1.45423
1767	-0.576371 1.10069
1768	-0.204355 1.01322
1769	-2.00429 1.91477
1770	-0.42693 1.0964
1771	1.70476 1.90619
1772	1.32828 1.61699
1773	-0.376771 1.0829
1774	-0.376357 1.02829
1775	-0.361221 1.07519
1776	2.10821 2.16718
1777	-0.540457 1.07415
1778	0.900048 1.28774
1779	-0.636475 1.09275
1780	-0.293873 1.00819
1781	1.81377 2.06354
1782	-0.851214 1.22241
1783	-0.538247 1.04319
1784	1.53638 1.78896
1785	0.0723389 1.03246
1786	0.943372 1.33883
1787	-0.843795 1.20212
1788	1.19544 1.53513
1789	0.44981 1.15698
1790	0.612163 3.96716
1791	-0.75317 1.11015
1792	-0.335601 1.05966
1793	-0.513298 1.08087
1794	1.17314 1.54685
1795	0.759182 1.30614
1796	-1.20918 1.37604
1797	-1.08076 1.27839
1798	-0.541665 1.09049
1799	0.0142063 0.978471
1800	-0.462705 1.11064
1801	1.5409 1.80662
1802	-1.2507 1.36442
1803	-0.273182 1.01595
1804	1.49934 1.70755
1805	-1.01009 1.16593
1806	0.590269 3.74425
1807	-1.15337 1.31824
1808	1.50718 1.80499
1809	0.645972 4.15118
1810	0.194004 0.922214
1811	-0.981175 1.20771
1812	-2.81231 2.68564
1813	-0.271712 1.05675
1814	-0.219326 1.055
1815	1.71187 1.99965
1816	1.12774 1.36057
1817	-0.412139 1.03912
1818	-0.712735 1.13294
1819	0.705155 1.21131
1820	-0.597584 1.09031
1821	-0.0622395 1.02034
1822	-0.557009 1.04439
1823	-1.72332 1.6768
1824	-1.70381 1.62782
1825	-0.0815863 1.01994
1826	0.634759 4.07808
1827	-0.663893 1.10807
1828	-0.664463 1.16175
1829	1.2729 1.6177
1830	-0.000663935 0.991869
1831	-0.973935 1.27387
1832	-0.21817 1.05455
1833	-0.323615 1.05379
1834	-0.433003 1.07582
1835	5.93897 6.88073
1836	1.79517 1.91856
1837	-0.316354 1.02578
1838	2.07541 2.27082
1839	0.627787 4.05384
1840	-0.540106 1.13801
1841	-0.289381 1.00907
1842	0.0262984 1.08471
1843	0.103061 1.07477
1844	0.33629 1.01
1845	-0.701259 1.07194
1846	-0.164709 0.995354
1847	-1.51199 1.52308
1848	0.0164215 0.990276
1849	-2.48277 2.2775
1850	-0.328399 0.998991
1851	6.21652 7.2211
1852	0.6167 3.99263
1853	-0.795473 1.18876
1854	-0.65517 1.0974
1855	0.301325 1.04387
1856	0.0177232 1.04809
1857	-0.548056 1.08753
1858	-0.3644 1.09783
1859	1.02135 1.3646
1860	0.623131 1.24418
1861	-0.291814 1.07213
1862	1.90524 2.17215
1863	-0.771087 1.11704
1864	-1.87143 1.77921
1865	0.461495 1.06638
1866	-0.655208 1.07818
1867	-0.915283 1.21767
1868	1.46853 1.74028
1869	0.752901 1.22588
1870	-0.287008 1.0259
1871	1.65509 1.8958
1872	0.236221 1.0033
1873	-0.632228 1.12811
1874	0.614228 3.97638
1875	0.65907 4.2239
1876	0.476921 1.11791
1877	-2.2244 2.04732
1878	-0.506525 1.07963
1879	-0.671744 1.01649
1880	1.55033 1.73356
1881	-0.0810396 1.04188
1882	-0.855987 1.20713
1883	-0.595604 1.12772
1884	0.602513 1.28151
1885	-1.27656 1.45775
1886	0.796822 1.28299
1887	-0.601431 1.09207
1888	2.55466 2.654
1889	-1.88667 1.78981
1890	-0.847349 1.19198
1891	1.3279 1.58602
1892	0.275506 1.02425
1893	-0.774389 1.09539
1894	-0.540359 1.0511
1895	-0.657382 1.07016
1896	-0.385333 1.04816
1897	0.627825 4.04607
1898	-0.28863 1.04257
1899	-0.613283 1.1371
1900	-0.416973 1.07072
1901	0.633709 1.22649
1902	0.00518018 0.977062
1903	0.422762 1.1299
1904	-0.70105 1.11423
1905	-0.861714 1.16523
1906	1.46155 1.7654
1907	-0.392667 1.12729
1908	-0.500153 0.99512
1909	-0.78136 1.07505
1910	-0.600247 1.11717
1911	1.49759 1.7567
1912	2.18751 2.36391
1913	-0.624189 1.01109
1914	-0.698562 1.13761
1915	0.61881 1.1828
1916	-0.632385 1.08335
1917	-0.44913 1.02936
1918	-0.450978 1.0986
1919	-0.578333 0.99357
1920	-1.05555 1.22288
1921	-0.54545 1.00956
1922	0.161293 1.03785
1923	-0.626508 1.08764
1924	-0.455946 0.950874
1925	0.691505 1.28852
1926	0.0834488 0.931272
1927	-1.14409 1.31944
1928	-0.69904 1.17266
1929	2.02693 2.11509
1930	-1.01495 1.21477
1931	1.17661 1.53124
1932	-0.382536 1.06831
1933	-0.137824 1.01081
1934	-0.887749 1.19135
1935	0.249706 1.06335
1936	-0.734339 1.14672
1937	-0.63429 1.03212
1938	-0.633023 1.07019
1939	0.0856818 1.0657
1940	-0.438911 1.06882
1941	1.67744 1.98107
1942	2.33949 2.45806
1943	0.623255 3.99269
1944	1.34554 1.64573
1945	-0.211465 1.05816
1946	0.352787 0.903598
1947	-2.34769 2.2486
1948	-2.33577 2.23709
1949	0.665957 4.41219
1950	0.119884 1.06064
1951	-0.35782 1.04572
1952	-0.105719 1.01482
1953	-0.513533 1.08877
1954	-0.983118 1.20479
1955	-0.554003 1.08838
1956	-0.280412 0.994166
1957	-1.16602 1.30485
1958	-0.848078 1.19405
1959	-0.157183 0.958749
1960	1.46656 1.7904
1961	-0.957553 1.23979
1962	0.855353 1.35958
1963	0.726783 1.17564
1964	-0.0668174 1.0414
1965	-0.249448 0.995816
1966	-0.0952579 0.967664
1967	1.94045 2.00015
1968	0.021019 1.03065
1969	1.4694 1.76929
1970	-0.0536885 1.03144
1971	-0.314287 1.06517
1972	1.82494 2.08912
1973	-0.558795 1.00711
1974	2.01302 2.12833
1975	-0.6281 1.07083
1976	1.82185 1.92022
1977	0.505756 1.1819
1978	-0.38906 1.03448
1979	1.73447 1.9033
1980	-0.58417 1.1216
1981	-1.58172 1.5604
1982	-1.23404 1.37722
1983	-1.12232 1.26294
1984	0.0799943 1.0537
1985	-0.560431 1.11778
1986	0.783855 1.28447
1987	-0.54273 1.08185
1988	-0.412399 1.10727
1989	-0.471984 1.09691
1990	1.8258 2.05381
1991	-0.362886 1.06975
1992	0.594078 3.73391
1993	2.15968 2.22273
1994	2.3718 2.46223
1995	-0.505081 1.12967
1996	-1.01616 1.24127
1997	0.606214 3.78987
1998	1.90716 2.06553
1999	-0.685215 1.14698
2000	-0.214392 1.05273
2001	-0.382732 1.05155
2002	2.04935 2.2196
2003	-0.263034 1.01912
2004	1.16802 1.49332
2005	1.05309 1.47078
2006	-0.541118 1.05728
2007	-0.436443 1.06435
2008	-0.313566 1.02611
2009	0.612571 3.981
2010	-1.33135 1.39107
2011	1.84914 2.01834
2012	5.91808 6.85838
2013	1.42861 1.7173
2014	0.117293 1.02605
2015	-0.635744 1.03353
2016	1.12119 1.44034
2017	1.63996 1.90797
2018	1.75779 2.00711
2019	-0.896079 1.2494
2020	-1.20701 1.40411
2021	-0.341413 1.07908
2022	-0.683802 1.15468
2023	0.0562826 0.942242
2024	-0.469953 1.08079
2025	1.42396 1.76096
2026	-0.0376378 1.01695
2027	-0.644772 1.08795
2028	-0.458379 1.09506
2029	-0.159725 1.0536
2030	0.021507 0.986387
2031	-0.991304 1.16387
2032	-0.393863 0.98461
2033	-0.695048 1.11222
2034	-0.41093 1.03325
2035	-1.09718 1.31037
2036	6.2196 7.23819
2037	0.0559539 1.00969
2038	-0.254158 1.04184
2039	0.14181 1.05732
2040	-0.823235 1.16755
2041	-0.53606 1.07544
2042	-0.658471 1.0918
2043	0.602696 1.06279
2044	-0.954098 1.24347
2045	-1.28173 1.31175
2046	-1.2819 1.39494
2047	1.83506 2.11814
2048	-0.713983 1.08532
2049	-0.476613 1.0736
2050	-0.483899 1.06803
2051	-0.296399 0.972128
2052	-0.190697 1.03508
2053	-0.668083 1.12728
2054	-0.184925 1.0044
2055	-0.203122 1.082
2056	-0.243166 1.03122
2057	-0.413371 1.06771
2058	0.422856 1.07182
2059	0.898634 1.31423
2060	-0.514442 1.09674
2061	-0.453261 1.09539
2062	-0.37904 1.05177
2063	0.431997 1.05798
2064	-0.496718 1.06394
2065	-0.528403 1.05562
2066	1.79894 1.90612
2067	-0.829898 1.14421
2068	-1.04955 1.28849
2069	0.745272 1.2251
2070	-0.518983 1.07114
2071	-2.35404 2.2341
2072	0.628896 4.04572
2073	2.21914 2.34531
2074	-0.224952 1.0532
2075	-0.19452 0.985411
2076	-0.372501 1.03637
2077	-0.923532 1.25425
2078	-0.456484 1.0427
2079	-0.758825 1.1429
2080	-3.1006 2.96499
2081	-0.357337 1.06386
2082	-1.3531 1.32531
2083	6.27777 7.28402
2084	0.617081 4.00517
2085	-0.366157 1.08152
2086	-1.0224 1.20111
2087	-0.226001 0.984056
2088	-0.189589 1.00479
2089	-1.98418 1.87667
2090	-0.336395 1.08147
2091	0.769449 0.954684
2092	-1.78095 1.72616
2093	-0.0921694 0.996572
2094	0.158375 0.986905
2095	-0.837238 1.10905
2096	1.57788 1.74846
2097	0.605631 3.7174
2098	1.0209 1.42654
2099	-0.749599 1.15362
2100	1.46053 1.75263
2101	1.23192 1.61407
2102	-1.50978 1.5529
2103	-0.258259 1.00582
2104	1.48746 1.7576
2105	-0.750887 1.13047
2106	-0.32198 1.0917
2107	2.20954 2.32462
2108	-0.0958267 0.998583
2109	-0.0668051 1.02068
2110	1.01392 1.39572
2111	-0.366196 0.970593
2112	1.22047 1.56078
2113	0.986302 1.35096
2114	-1.8081 1.77492
2115	1.86557 1.95787
2116	-0.403173 0.996825
2117	-1.45202 1.4715
2118	-0.243273 1.08211
2119	0.709387 1.24729
2120	0.652217 4.17997
2121	-1.36287 1.46435
2122	-2.24088 2.089
2123	-0.531132 1.02244
2124	2.46848 2.73009
2125	-0.701815 1.03514
2126	-0.777706 1.21773
2127	1.74991 1.91029
2128	0.630002 4.05182
2129	0.603414 3.89871
2130	-0.493336 1.05988
2131	-0.642594 1.08346
2132	-0.283535 1.02435
2133	-0.525771 1.08091
2134	-0.796882 1.14301
2135	0.44391 1.11888
2136	-0.745393 1.18306
2137	1.54465 1.78686
2138	0.463661 1.14741
2139	-0.567804 1.10198
2140	0.600413 3.88932
2141	-0.20374 1.04159
2142	-0.396331 1.00465
2143	-2.89887 2.78606
2144	-1.03235 1.22504
2145	-0.452113 1.03391
2146	-0.563742 1.09476
2147	-1.81978 1.73661
2148	0.0682359 0.980813
2149	0.0690752 1.01551
2150	-0.293559 1.03904
2151	0.626983 1.24386
2152	-0.652235 1.12789
2153	-0.209135 0.878372
2154	1.74539 2.05402
2155	1.44167 1.7201
2156	-0.639703 1.14219
2157	0.919516 1.37765
2158	-0.076217 1.04669
2159	-0.440348 1.08303
2160	0.735793 1.22475
2161	-0.294767 1.04963
2162	-0.997779 1.22833
2163	0.910158 1.27234
2164	-1.02356 1.27977
2165	-0.504645 1.08033
2166	-0.954584 1.28778
2167	-0.394757 1.0515
2168	2.90178 3.06982
2169	-0.0473191 0.965319
2170	-1.55095 1.55351
2171	-0.0867192 1.04495
2172	1.32942 1.64474
2173	0.334403 1.10997
2174	-0.508385 1.11116
2175	-0.163283 1.04985
2176	0.158901 1.02397
2177	-0.297196 1.04917
2178	-0.487195 1.04689
2179	-0.540686 1.03029
2180	-0.197659 1.02842
2181	0.7758 1.30392
2182	0.797265 1.33032
2183	-0.497748 1.08299
2184	-0.705645 1.12724
2185	-0.405492 1.08689
2186	-0.227438 0.994371
2187	-0.131272 0.971183
2188	0.681464 4.50331
2189	-0.613622 1.08795
2190	1.44158 1.75859
2191	0.252223 1.04741
2192	-0.103133 1.04578
2193	0.493186 1.21102
2194	-0.241371 1.0421
2195	-0.29774 1.00806
2196	-0.327212 1.02109
2197	0.634811 4.07304
2198	-0.0499915 1.00717
2199	0.0841999 1.08987
2200	-0.303308 0.965495
2201	0.651338 1.14842
2202	-0.525332 1.08378
2203	1.75113 1.98646
2204	-1.5153 1.46298
2205	-0.850861 1.2069
2206	-0.0343186 1.01715
2207	1.1034 1.47016
2208	-0.567458 1.08885
2209	-0.498195 1.0184
2210	-0.410825 1.07463
2211	-1.42262 1.45498
2212	0.317497 1.11276
2213	1.15479 1.48345
2214	1.73796 1.86363
2215	-0.00130435 1.0876
2216	-0.597732 1.08547
2217	0.0792526 1.03606
2218	-0.444532 1.0407
2219	2.05898 2.17399
2220	-2.28221 2.16284
2221	-1.49871 1.55534
2222	0.794193 1.25314
2223	0.679277 1.29315
2224	-0.493499 0.939401
2225	-0.586944 1.11483
2226	-0.171668 1.01653
2227	0.142318 1.03799
2228	-0.0339512 1.01673
2229	-0.682495 1.07523
2230	-0.392218 1.05005
2231	-2.09163 1.92074
2232	-0.099799 0.983609
2233	1.48839 1.75085
2234	-0.325526 1.06944
2235	1.14158 1.44094
2236	-1.06829 1.25873
2237	0.0923864 0.941097
2238	-0.683135 1.15796
2239	0.809898 1.34756
2240	0.101715 0.961804
2241	-1.40337 1.4352
2242	-0.861449 1.21846
2243	1.48393 1.70442
2244	-0.421926 1.04191
2245	-1.86059 1.81578
2246	-1.88248 1.73898
2247	-0.598005 1.07285
2248	0.502948 1.05022
2249	1.72212 1.96585
2250	0.104319 1.0743
2251	0.295752 1.07448
2252	-0.500823 0.991559
2253	0.592303 3.70441
2254	-0.192399 0.99319
2255	-0.969886 1.23317
2256	-0.365084 1.07286
2257	-0.556151 1.10214
2258	-1.53622 1.55506
2259	0.608475 3.94693
2260	-0.778807 1.14244
2261	-0.965657 1.15044
2262	1.16478 1.50972
2263	-1.12308 1.22757
2264	-1.38646 1.45355
2265	-0.614271 1.07595
2266	2.86542 3.00096
2267	0.00741693 1.05004
2268	-0.252396 1.03627
2269	0.433006 1.05883
2270	0.256956 1.04836
2271	-0.0622012 1.07237
2272	-0.192306 1.02843
2273	-0.275373 1.06041
2274	1.26407 1.62031
2275	-1.5076 1.50151
2276	-0.487521 1.08435
2277	2.30984 2.40125
2278	0.274949 1.08226
2279	-0.350833 1.08908
2280	0.430374 1.17665
2281	-0.608338 1.10795
2282	-0.457905 1.06429
2283	0.762752 1.19993
2284	-0.382039 1.05561
2285	-0.485311 1.04012
2286	0.575544 1.18688
2287	0.13145 1.02486
2288	1.69234 1.84942
2289	-0.0464306 0.960463
2290	-0.351727 1.08037
2291	-0.648818 1.13756
2292	-0.959525 1.19871
2293	-0.356317 1.05274
2294	-0.29201 1.02746
2295	1.72651 1.88432
2296	-0.300094 1.00744
2297	-0.333057 1.03544
2298	2.0583 2.32088
2299	1.59478 1.77128
2300	2.14952 2.25057
2301	-0.898187 1.26681
2302	-0.454666 1.05959
2303	-0.215022 1.04288
2304	1.73958 1.91892
2305	-0.577949 1.06632
2306	-0.153234 1.00011
2307	-0.0748035 1.00774
2308	-0.15473 1.03519
2309	0.628024 4.0362
2310	-0.30903 1.08225
2311	-0.383637 1.04768
2312	-1.84374 1.8042
2313	-0.262018 0.999015
2314	1.03804 1.40476
2315	-0.711798 1.14301
2316	0.143927 1.02833
2317	-0.441615 1.11264
2318	2.05796 2.10241
2319	1.71988 1.90463
2320	-0.878709 1.19922
2321	-0.0549395 0.997365
2322	-2.26473 2.10647
2323	-0.708647 1.14747
2324	-0.237611 1.044
2325	0.617327 1.27569
2326	-0.372169 1.04912
2327	1.50812 1.79589
2328	1.66577 1.84855
2329	-1.78044 1.73463
2330	-0.591478 1.11042
2331	2.24479 2.36068
2332	0.622787 4.01368
2333	-0.270435 1.03
2334	0.584645 3.69871
2335	1.29934 1.59423
2336	1.4699 1.64702
2337	-0.60213 1.12823
2338	-1.913 1.75551
2339	-1.02381 1.26768
2340	0.256971 1.08057
2341	-0.913042 1.22421
2342	-0.515373 1.09712
2343	0.620638 3.99856
2344	0.0808222 1.04583
2345	0.784971 1.28773
2346	0.651447 1.2285
2347	-0.636205 1.10173
2348	-0.387103 1.041
2349	0.65432 4.21913
2350	1.33777 1.65819
2351	1.58654 1.77033
2352	-0.385012 1.07468
2353	-0.875767 1.19148
2354	-0.0495952 0.935692
2355	-0.843579 1.176
2356	-0.803084 1.13861
2357	0.743594 5.03439
2358	-0.325193 1.08702
2359	-0.849189 1.12153
2360	-0.141191 0.989272
2361	1.70601 1.78778
2362	1.21115 1.47956
2363	-0.228186 1.0372
2364	-0.451621 1.07407
2365	-0.467702 1.09341
2366	4.48357 5.20378
2367	-0.183235 1.06882
2368	0.08956 1.03765
2369	1.68384 1.97933
2370	1.12766 1.44934
2371	-0.410112 0.929441
2372	1.48555 1.78325
2373	-0.376247 1.02676
2374	0.426324 1.08506
2375	1.56239 1.85133
2376	-0.129131 1.05607
2377	1.94555 2.10241
2378	1.8334 2.09136
2379	-0.159061 0.948678
2380	0.668205 4.30776
2381	0.592782 1.26842
2382	0.73942 1.25174
2383	1.26607 1.61549
2384	0.569368 1.23845
2385	-0.49742 1.02802
2386	-0.589297 1.09541
2387	1.56221 1.82066
2388	-2.1266 2.02861
2389	1.08761 1.44471
2390	-0.685401 1.13375
2391	-0.158867 1.01557
2392	-0.338579 1.06825
2393	1.3784 1.72821
2394	-0.120523 1.01559
2395	-0.670621 1.05133
2396	-1.47485 1.43711
2397	1.433 1.77169
2398	-0.455146 1.05731
2399	1.36099 1.65298
2400	2.12877 2.34429
2401	-0.346101 1.04146
2402	-0.533321 1.11677
2403	0.617543 3.96535
2404	1.66053 1.91493
2405	-0.915698 1.21622
2406	-0.377138 1.08012
2407	-0.41944 1.06155
2408	2.35227 2.63453
2409	-1.67951 1.61233
2410	-0.67744 1.10559
2411	-0.681167 1.1322
2412	0.861343 1.18805
2413	-0.46343 1.08421
2414	-1.02054 1.21794
2415	-1.2054 1.37646
2416	-0.531012 1.10871
2417	0.583503 1.20315
2418	-0.230546 0.970364
2419	1.95085 2.14693
2420	-0.180506 1.0186
2421	0.622743 4.01202
2422	-0.00637394 1.07123
2423	-0.393439 1.07686
2424	1.02524 1.33659
2425	0.642755 4.13619
2426	-0.245727 1.0556
2427	2.04956 2.46874
2428	0.712257 1.25982
2429	-0.40785 1.09235
2430	-0.750492 1.15644
2431	-2.0849 1.97816
2432	-0.683249 1.11435
2433	-0.510545 1.06995
2434	-1.48099 1.43137
2435	6.2917 7.28967
2436	-0.647481 1.11168
2437	-1.70008 1.65588
2438	0.632625 4.08901
2439	-0.628651 1.00195
2440	-0.59724 1.11833
2441	1.53262 1.80133
2442	-0.0584659 1.00785
2443	2.54251 2.6883
2444	-0.0228135 0.977008
2445	0.845025 1.35544
2446	-0.960205 1.25057
2447	-0.316322 1.03501
2448	-0.0294207 1.05121
2449	-3.39729 3.27158
2450	-0.411244 0.931423
2451	-1.90361 1.79792
2452	-1.15619 1.23464
2453	2.32294 2.36608
2454	-1.81396 1.77754
2455	-0.147224 0.999002
2456	0.630049 4.06067
2457	0.638433 4.0817
2458	-0.436013 1.05803
2459	0.903204 1.30878
2460	1.33234 1.65477
2461	-0.277068 1.06492
2462	-0.950563 1.18407
2463	-0.614499 1.12589
2464	-0.5399 1.09564
2465	-1.04585 1.30649
2466	-0.540302 1.10561
2467	-2.94246 2.82734
2468	-1.04871 1.23889
2469	0.617501 3.97342
2470	0.777509 1.25396
2471	0.785233 1.32647
2472	-1.39938 1.46164
2473	-0.693338 1.16759
2474	-1.04695 1.23514
2475	-0.474676 1.08253
2476	-0.55177 1.08775
2477	6.13195 7.11623
2478	1.68468 1.85424
2479	-0.82345 1.10751
2480	-1.86958 1.79073
2481	0.220473 1.06959
2482	0.249531 1.02629
2483	-0.1791 0.90462
2484	0.00260561 1.03022
2485	-0.399641 1.07336
2486	-0.263448 1.03337
2487	-1.10904 1.29082
2488	-0.448981 1.04488
2489	-0.324865 1.00618
2490	-0.286716 0.991896
2491	-0.560271 1.11763
2492	4.54715 5.28713
2493	-1.08526 1.25959
2494	0.0158892 1.02491
