0	-0.719327 0.985455
1	-0.531422 0.950719
2	-0.826515 0.991699
3	-0.364036 0.943961
4	-1.06162 1.03818
5	-0.537243 0.969272
6	-0.743232 0.974874
7	-0.284407 0.961295
8	-0.270568 0.928515
9	-0.436849 0.945598
10	-0.45697 0.966712
11	-0.179949 0.938694
12	-0.984644 1.02609
13	-0.268894 0.946518
14	0.261171 0.957669
15	-1.07325 1.03352
16	-0.788509 0.990574
17	0.251549 0.964241
18	-0.247215 0.937826
19	-0.657157 0.971405
20	-0.255079 0.943164
21	-0.280683 0.938343
22	-0.0490762 0.916016
23	-0.705997 0.990375
24	0.218904 0.96535
25	-0.779225 0.986368
26	-0.742438 0.981353
27	0.506465 1.00855
28	-0.872596 0.998777
29	-0.259755 0.959487
30	-0.464482 0.967731
31	0.204358 0.986159
32	0.365888 0.948097
33	-0.246118 0.952254
34	-0.705383 0.969746
35	-0.699517 0.946463
36	-0.566137 0.9735
37	-0.0398231 0.940296
38	0.100611 0.958886
39	-0.312885 0.943953
40	0.0481224 0.943276
41	-0.652362 0.971696
42	-0.961356 1.02205
43	-0.850832 0.992515
44	-0.359574 0.949339
45	-0.0346452 0.90914
46	-0.149261 0.93658
47	-0.497678 0.949678
48	-0.401841 0.954947
49	-1.04015 1.03018
50	-0.24282 0.940191
51	-0.226755 0.937784
52	-0.648676 0.979886
53	0.163236 0.952432
54	-1.04541 1.02662
55	-0.0599114 0.923425
56	-0.634671 0.976924
57	-0.062888 0.949164
58	-0.206542 0.932635
59	-0.508637 0.968797
60	-0.75956 0.996229
61	-0.457806 0.960215
62	-0.454905 0.961274
63	-0.570281 0.954756
64	-0.492624 0.96084
65	-0.0284789 0.926411
66	-0.827344 0.992671
67	-0.329294 0.9459
68	0.263741 0.933113
69	-0.590762 0.979913
70	-0.261144 0.954499
71	-0.224047 0.944912
72	-0.0435291 0.937077
73	-0.463275 0.963723
74	-1.08848 1.04316
75	-1.07033 1.03728
76	-0.822877 0.993508
77	0.327662 0.969251
78	-0.548306 0.955503
79	-1.01247 0.992794
80	-0.862494 1.00351
81	-0.598203 0.969589
82	-0.83918 1.00134
83	-0.189602 0.95324
84	-0.295647 0.95103
85	-1.08319 1.0402
86	-0.426245 0.959273
87	-0.415485 0.962934
88	-0.537224 0.964399
89	-0.430351 0.962709
90	-0.965831 1.01794
91	-0.0340107 0.932403
92	-1.02162 1.02863
93	-0.840933 1.00238
94	-0.332276 0.942979
95	-0.185992 0.93789
96	-0.323088 0.951187
97	-0.0745973 0.916314
98	-0.799936 0.990796
99	-0.402676 0.918894
100	-0.434323 0.959964
101	-0.669074 0.990423
102	-0.747678 0.981005
103	-0.520007 0.96892
104	-0.456486 0.955549
105	-0.88737 1.00633
106	-0.798869 0.992313
107	-0.413917 0.96084
108	-0.537836 0.969247
109	-0.0470926 0.935731
110	-0.940111 1.00457
111	-0.766978 0.983294
112	-1.05575 1.0388
113	-0.930376 0.982339
114	-0.456289 0.955309
115	-0.895562 1.00112
116	-0.146728 0.947692
117	-0.691647 0.984169
118	-0.167102 0.933295
119	-0.0759111 0.938379
120	-0.174201 0.949278
121	-0.820502 0.99802
122	-0.025256 0.943132
123	-1.0448 1.03167
124	-0.125844 0.914569
125	-0.653081 0.972704
126	-0.289224 0.954249
127	-0.807342 1.00024
128	0.0404907 0.938856
129	-0.468483 0.971579
130	-1.10228 1.02959
131	-0.910504 1.00522
132	-0.641099 0.963865
133	0.0904893 0.940193
134	-1.25186 0.979067
135	-0.322322 0.952585
136	-0.502744 0.963249
137	-0.516025 0.964463
138	-0.448007 0.95958
139	-0.245006 0.93058
140	-0.253562 0.944519
141	-0.409476 0.953964
142	-0.915748 1.00849
143	-0.448053 0.9571
144	-0.187134 0.930121
145	-0.546418 0.969612
146	-1.0492 1.02677
147	-0.262228 0.944039
148	-0.138317 0.954164
149	-0.586122 0.96843
150	-0.5117 0.938627
151	-1.09044 1.03287
152	-0.546972 0.974382
153	-1.02122 1.02979
154	-0.140336 0.93209
155	-0.10241 0.91813
156	-0.578192 0.970574
157	-0.907031 1.01436
158	-0.405899 0.945667
159	-0.512954 0.946037
160	0.0590163 0.948735
161	-0.518378 0.960734
162	-0.0798981 0.951185
163	-0.754499 0.969509
164	-0.130237 0.94361
165	-0.500607 0.952932
166	-0.716337 0.976281
167	-0.777549 0.977786
168	-0.289511 0.94631
169	-0.430476 0.961926
170	-0.783983 0.988079
171	-0.196682 0.948713
172	-0.0203663 0.947433
173	-0.412648 0.951225
174	-0.602404 0.964294
175	0.0849557 0.956391
176	-0.278883 0.955987
177	-0.249604 0.944921
178	-0.195117 0.955211
179	-0.497323 0.937146
180	-0.178866 0.948684
181	-0.457651 0.970029
182	-0.66005 0.972087
183	-0.5542 0.970135
184	-0.719647 0.987453
185	-0.272331 0.952524
186	-0.255948 0.95162
187	-0.981429 1.02005
188	-0.546972 0.9665
189	-0.550162 0.961525
190	-0.831421 0.999952
191	-0.667361 0.977124
192	-0.734018 0.963871
193	-0.576877 0.961376
194	-0.334572 0.947767
195	-0.481835 0.972189
196	-0.0512808 0.933622
197	-0.869904 1.00521
198	0.116959 0.944207
199	-0.534091 0.970004
200	-0.788019 0.986518
201	-0.47897 0.960388
202	-0.416018 0.959015
203	-0.0290999 0.948725
204	-0.260191 0.944972
205	-0.588356 0.956905
206	-0.673535 0.974616
207	-0.779626 0.990717
208	-0.701226 0.967691
209	-0.153398 0.930762
210	-0.612693 0.950934
211	-0.694997 0.966421
212	-0.852679 1.00176
213	-0.757246 0.985535
214	-0.805793 0.989912
215	-0.246566 0.947541
216	-0.595348 0.969973
217	-0.689488 0.984357
218	-1.01135 1.02018
219	-0.455346 0.953016
220	-0.281664 0.95284
221	-0.085743 0.938398
222	-0.197316 0.942007
223	-0.918114 1.00045
224	-1.09024 1.04674
225	-0.836288 0.990531
226	-0.563792 0.975373
227	-0.955197 1.0179
228	-0.332194 0.954602
229	-0.190243 0.941329
230	-0.547526 0.960771
231	-0.475569 0.963779
232	-0.411292 0.935801
233	-0.800988 0.987008
234	-0.373068 0.961694
235	-0.149403 0.946189
236	-0.869251 1.00633
237	-0.263902 0.957516
238	-0.949663 1.01399
239	-0.472391 0.938082
240	-0.452893 0.941651
241	-0.682713 0.982264
242	0.149038 0.955224
243	-0.19583 0.939686
244	0.0689967 0.97575
245	-0.5262 0.971335
246	-0.70349 0.97841
247	-0.825304 0.992221
248	-0.632176 0.981873
249	-0.251172 0.946711
250	-0.897997 1.0042
251	-0.855075 0.991931
252	-0.355697 0.959652
253	0.3562 1.02106
254	-0.472345 0.954053
255	0.0224513 0.941744
256	-0.468824 0.954282
257	-0.390261 0.967189
258	-0.187397 0.923429
259	-0.663923 0.983537
260	0.633137 1.04933
261	-0.286638 0.940679
262	-0.126078 0.948906
263	-0.57899 0.959859
264	-0.62259 0.957655
265	-0.393169 0.943379
266	-0.0620156 0.94939
267	-0.175055 0.944886
268	-1.06056 1.0237
269	-0.975944 1.02096
270	-0.398501 0.962291
271	-0.392451 0.953915
272	-0.86551 0.994321
273	-0.0726034 0.948136
274	-0.94783 1.01741
275	-0.858115 1.00416
276	-0.246457 0.941585
277	-0.187397 0.928421
278	-0.497546 0.966802
279	-0.754964 0.981897
280	-0.424195 0.942161
281	-0.640183 0.961125
282	-0.323753 0.948556
283	0.119126 0.931939
284	-0.537186 0.978625
285	-0.67007 0.972107
286	-0.496058 0.969029
287	-0.00801921 0.954087
288	-0.408578 0.970921
289	-0.260174 0.945181
290	-0.325555 0.939816
291	-0.612803 0.986162
292	-0.441837 0.959933
293	-0.486563 0.964645
294	-0.0322753 0.943452
295	-0.289397 0.938692
296	-0.960136 0.998221
297	-0.203536 0.93496
298	-0.360766 0.96675
299	-0.927782 1.01463
300	-0.830572 0.997979
301	-0.368079 0.96819
302	-0.147243 0.941184
303	-0.510765 0.96029
304	-0.198003 0.946662
305	-0.700829 0.979227
306	-0.908086 0.988398
307	-0.507052 0.945576
308	-0.564762 0.973846
309	-0.472422 0.97154
310	-0.640736 0.96658
311	-0.923792 1.01115
312	-1.18279 1.04544
313	-0.764291 0.992655
314	-0.913983 1.00993
315	-0.869575 0.992991
316	-0.506379 0.964063
317	-0.326441 0.929434
318	-0.560265 0.958937
319	-0.919997 0.998594
320	-0.298599 0.949217
321	-0.541733 0.974485
322	-0.474953 0.967598
323	-0.45451 0.960971
324	-0.176233 0.934091
325	-0.613802 0.97571
326	-0.552895 0.980179
327	-0.192658 0.939684
328	-0.47035 0.970048
329	-0.588535 0.980462
330	-0.89527 1.00742
331	-0.57128 0.961626
332	-0.438812 0.946628
333	-0.898552 1.0089
334	-0.896505 1.01385
335	-0.954825 1.01567
336	-0.00229154 0.93189
337	-0.702047 0.954657
338	0.116658 0.957867
339	-0.151066 0.93206
340	0.00563091 0.922816
341	-0.147213 0.941637
342	-0.653195 0.972645
343	-0.433591 0.964717
344	-1.09612 1.04459
345	-1.08136 1.02807
346	-0.834725 1.00174
347	-0.445824 0.95376
348	-0.859233 0.998589
349	-0.428133 0.965952
350	0.114729 0.957658
351	-0.606382 0.956106
352	-0.639944 0.975733
353	-0.384486 0.940896
354	-0.51041 0.960463
355	-0.906202 1.01527
356	0.251253 0.97304
357	-0.467071 0.975119
358	-0.357392 0.945359
359	-0.549934 0.976705
360	-0.381104 0.94251
361	-0.635755 0.961174
362	-0.0379516 0.940173
363	-0.0943219 0.89996
364	-0.111696 0.943148
365	-0.580997 0.938966
366	-0.649518 0.985667
367	-0.461163 0.964802
368	-0.189056 0.964058
369	-0.374566 0.95067
370	-0.107475 0.935829
371	-0.629577 0.972213
372	-0.551404 0.98004
373	-0.726952 0.982224
374	-1.00973 1.02153
375	-0.566229 0.97399
376	-0.303689 0.94799
377	-0.129169 0.935882
378	-0.475882 0.953088
379	-0.550792 0.970269
380	0.0446093 0.930413
381	0.0881782 0.941521
382	-0.770843 0.9731
383	-0.476065 0.951397
384	-0.552038 0.967078
385	-0.452079 0.963313
386	-0.217905 0.950683
387	-0.76325 0.988775
388	-0.118807 0.932372
389	-0.740479 0.985429
390	-0.814921 0.987099
391	0.207146 0.967578
392	-0.969575 1.02286
393	-0.554911 0.972608
394	-0.451931 0.953043
395	-0.193522 0.944197
396	-0.206671 0.953196
397	-0.254899 0.934683
398	-1.01705 1.02883
399	-0.409982 0.95173
400	-0.792787 0.984297
401	-0.789856 0.98612
402	-0.515611 0.972481
403	-0.270346 0.960727
404	-0.518676 0.97076
405	-0.81595 1.00169
406	-0.461793 0.934475
407	-0.838325 0.98151
408	-0.498619 0.962731
409	-0.489966 0.975086
410	0.119745 0.959323
411	-0.451753 0.973237
412	-0.7623 0.992777
413	-0.697427 0.986851
414	-0.462177 0.97521
415	-0.0928908 0.934485
416	-0.413036 0.955717
417	-0.854164 0.993231
418	-0.419405 0.965912
419	-0.543722 0.962531
420	-0.469533 0.947706
421	-0.34167 0.95343
422	-0.466683 0.953431
423	-0.288604 0.947365
424	-0.482103 0.97032
425	-0.549323 0.964911
426	-0.177515 0.950882
427	-1.03399 1.03186
428	-0.5191 0.97017
429	-0.771517 0.98604
430	-0.36886 0.962306
431	-0.283938 0.949969
432	-0.380997 0.94913
433	0.113744 0.959301
434	-0.0315009 0.931608
435	-0.0647099 0.940863
436	-0.613752 0.970137
437	-0.746685 0.986887
438	-0.010015 0.937393
439	-0.190331 0.942985
440	-0.923463 1.00915
441	-0.863898 1.00451
442	-0.715697 0.983436
443	-0.620083 0.939108
444	-0.424683 0.945192
445	-0.683401 0.972776
446	-0.819659 0.971924
447	-0.242634 0.940963
448	-0.391376 0.946394
449	-0.690368 0.975747
450	-0.358279 0.953784
451	-0.179782 0.921803
452	-0.431174 0.96891
453	-0.255542 0.934944
454	-0.243456 0.946541
455	-0.790582 0.997915
456	-0.318001 0.963644
457	-0.871413 1.00623
458	-0.948185 1.01516
459	-0.904632 1.00473
460	-0.580521 0.978456
461	-0.831706 0.991426
462	-0.863645 1.00869
463	-0.300907 0.952327
464	-0.773452 0.989805
465	-0.144446 0.943286
466	-0.47286 0.972148
467	-0.441565 0.958885
468	-0.2917 0.963889
469	-0.439222 0.961035
470	-0.169428 0.93821
471	-0.373275 0.953028
472	-0.713079 0.973352
473	-0.507363 0.95373
474	-0.440779 0.969391
475	-0.484288 0.957539
476	-0.452681 0.967458
477	-0.225191 0.949992
478	-0.807997 0.951964
479	-0.803328 0.991894
480	-0.17561 0.949994
481	-0.390054 0.957249
482	-0.0484135 0.925179
483	-0.0856953 0.928427
484	-0.158899 0.944724
485	-0.268005 0.957018
486	-0.397612 0.946002
487	-0.269826 0.929973
488	-0.297914 0.923169
489	-0.911604 1.014
490	-0.96553 1.00891
491	-0.698813 0.980486
492	-0.691248 0.967222
493	0.168471 0.960062
494	-0.334917 0.921746
495	-0.849264 0.997952
496	-0.0272091 0.937391
497	-0.529029 0.963096
498	-0.532697 0.982875
499	-0.606927 0.967925
500	-0.957738 1.01538
501	-0.508492 0.962368
502	-0.67743 0.97265
503	-0.0559929 0.92128
504	-0.281653 0.947699
505	-0.397803 0.950984
506	-1.02169 1.01881
507	-0.924985 1.00416
508	-0.221113 0.922566
509	-0.477074 0.961348
510	-0.7352 0.96233
511	-0.212299 0.942923
512	-0.42103 0.949688
513	-0.630463 0.969918
514	-0.553474 0.971361
515	-1.08909 1.04002
516	0.00577284 0.937462
517	-0.625301 0.977829
518	-0.527525 0.956201
519	0.0323824 0.952893
520	-0.897622 1.00366
521	-0.794658 0.988467
522	-0.57605 0.973335
523	-0.0452719 0.931752
524	-0.309486 0.961547
525	-0.218395 0.939064
526	-0.638381 0.970147
527	-0.897853 1.00979
528	-1.09219 1.03837
529	-0.750972 0.956875
530	-0.041356 0.936692
531	-1.00795 1.02401
532	-1.08227 1.0359
533	-0.11781 0.937701
534	-0.695413 0.96672
535	-0.806424 0.998961
536	-0.812729 0.987906
537	-0.167658 0.926024
538	-0.829661 0.996796
539	-0.913223 1.00441
540	-0.908252 1.00715
541	-1.11995 1.05124
542	-0.145793 0.941996
543	-0.444889 0.971381
544	-0.547983 0.986236
545	0.230223 0.99217
546	-0.151504 0.932597
547	0.127897 0.956972
548	-0.094924 0.930824
549	-1.01482 1.02139
550	-0.307926 0.907297
551	-0.663657 0.972804
552	-0.919362 1.01392
553	-1.14405 1.0492
554	-0.527182 0.958562
555	-0.272727 0.946339
556	-0.493969 0.971722
557	-0.831955 0.993113
558	-1.03132 1.02793
559	-1.09627 1.03698
560	-0.554419 0.970542
561	-0.40623 0.958722
562	-1.03601 1.0298
563	-0.614599 0.961395
564	-0.35868 0.948102
565	-0.720655 0.955139
566	-0.231805 0.941955
567	-0.812784 0.992289
568	-0.670632 0.969022
569	-0.169366 0.939257
570	-0.486815 0.977054
571	-0.777828 0.965163
572	-0.557218 0.964371
573	-0.725742 0.986696
574	-1.02859 1.03107
575	-0.527066 0.973085
576	-0.438197 0.963661
577	-0.363522 0.954626
578	-0.567679 0.961684
579	-0.145036 0.935668
580	-0.502247 0.971409
581	-0.0727461 0.935854
582	-1.02419 1.02677
583	-0.33073 0.926654
584	-0.304679 0.948718
585	-0.419963 0.940569
586	-0.295312 0.948826
587	-0.509853 0.978546
588	-0.391041 0.958647
589	-0.528741 0.968205
590	-0.394371 0.945404
591	-0.214536 0.948452
592	-1.02098 1.02383
593	-0.799682 0.946068
594	0.108494 0.957017
595	-0.685868 0.979142
596	-0.435256 0.960321
597	-0.53007 0.960905
598	-0.274353 0.936475
599	-0.424432 0.959304
600	-0.192414 0.933171
601	-0.888788 1.00679
602	-0.789208 0.975663
603	-0.197492 0.950447
604	-0.986503 1.01637
605	-0.492328 0.960784
606	-0.655297 0.985353
607	-0.54863 0.959146
608	-0.773887 0.992567
609	-0.913958 1.0053
610	-0.51629 0.964944
611	-0.497993 0.964229
612	-0.156933 0.932403
613	-0.917358 1.00011
614	-0.0899355 0.944024
615	-0.533829 0.967598
616	-0.255952 0.949716
617	-0.449424 0.959331
618	-0.138462 0.926713
619	-0.143554 0.936498
620	-0.689301 0.943009
621	-0.371976 0.954327
622	-0.653187 0.972215
623	-0.460763 0.959408
624	-0.242264 0.950898
625	-0.575228 0.975783
626	-0.302126 0.950112
627	-0.574238 0.974208
628	-0.458721 0.971398
629	-0.547176 0.969578
630	-0.758006 0.988021
631	-0.502075 0.959409
632	-0.663603 0.972187
633	-0.466923 0.942005
634	-0.109363 0.929813
635	-0.363424 0.934256
636	-0.015647 0.928239
637	-0.120732 0.949137
638	-0.922348 1.00305
639	-1.12616 1.05262
640	-0.359082 0.956635
641	-0.847746 0.999294
642	-0.142864 0.944902
643	-0.485564 0.961217
644	-0.636515 0.965673
645	-0.312277 0.94684
646	-0.0135399 0.917738
647	-0.360647 0.942531
648	-0.0225618 0.909749
649	-0.252157 0.916283
650	-0.508588 0.947223
651	-0.227815 0.945378
652	-0.397193 0.960613
653	-0.437848 0.964339
654	-0.0562593 0.936916
655	-0.303762 0.939142
656	-0.442598 0.965123
657	-0.195847 0.958954
658	-0.333633 0.958599
659	-0.740216 0.985332
660	-0.99518 1.01839
661	0.00382278 0.927064
662	0.182002 0.956207
663	-0.169468 0.924897
664	-0.375005 0.944656
665	-0.709323 0.956851
666	-0.600092 0.975784
667	-0.723799 0.982327
668	-1.08505 1.04265
669	-0.173323 0.943187
670	-0.79297 0.991709
671	-0.340461 0.957045
672	-0.542822 0.960484
673	-0.0758913 0.933444
674	-0.480381 0.948671
675	-0.611788 0.96807
676	-0.816276 0.994704
677	-1.09137 1.03874
678	-0.950798 1.01844
679	-0.497951 0.9633
680	-0.133189 0.935619
681	-0.277144 0.945262
682	-0.280519 0.952728
683	-0.471798 0.962394
684	-0.258445 0.951783
685	-0.302193 0.949048
686	-0.247818 0.940925
687	-0.833512 0.996445
688	0.124638 0.937051
689	-0.186753 0.936578
690	-1.00197 1.02483
691	-0.503189 0.970938
692	-0.58868 0.969432
693	-0.175246 0.948462
694	-0.910869 1.01409
695	-0.750979 0.97363
696	-0.502397 0.975356
697	-0.698194 0.968896
698	-0.57478 0.951494
699	-0.179454 0.946737
700	-0.418497 0.96366
701	-0.469813 0.960643
702	-0.88459 1.01105
703	-0.355699 0.942881
704	-0.47325 0.960784
705	0.319667 0.97982
706	-0.243071 0.952488
707	-0.216984 0.946
708	-0.972676 1.02735
709	-0.83044 0.992804
710	-0.514357 0.966192
711	-0.383872 0.951063
712	-0.927991 1.01254
713	-0.486634 0.96158
714	-0.0865863 0.945842
715	-0.0407989 0.927972
716	-0.29869 0.96145
717	-1.02158 1.02718
718	0.112666 0.953964
719	-0.580379 0.961784
720	-1.12142 1.04257
721	-0.995522 1.02749
722	-0.374285 0.949616
723	-1.10011 1.0458
724	-0.0664113 0.935356
725	-1.01199 1.01898
726	-0.935069 1.00942
727	-0.64483 0.976437
728	-0.470228 0.968973
729	-0.468044 0.961285
730	-0.527939 0.962623
731	-0.505275 0.95735
732	-0.588996 0.970519
733	-0.959798 1.00795
734	-0.474622 0.964772
735	-0.544853 0.957513
736	-0.942415 1.01587
737	-0.519414 0.972735
738	-0.525789 0.961692
739	-0.405281 0.959745
740	-0.35845 0.93421
741	-0.0859378 0.94305
742	-0.323135 0.949725
743	-0.0981512 0.940187
744	-0.516557 0.944096
745	-0.873386 0.999594
746	-0.485866 0.95842
747	-0.139863 0.938176
748	-0.8427 0.989691
749	-0.399818 0.958207
750	-0.346672 0.95114
751	-0.169436 0.942617
752	-0.0652796 0.939063
753	-0.271664 0.958695
754	-0.638123 0.974009
755	-0.346939 0.95466
756	-0.64252 0.966697
757	-0.205556 0.945561
758	-0.419342 0.947194
759	-0.268281 0.957826
760	-0.526474 0.956636
761	-0.498072 0.971983
762	-0.881464 1.00709
763	-1.05556 1.03185
764	-0.926945 1.00443
765	-0.0567537 0.943236
766	-0.128713 0.936773
767	-0.38198 0.935127
768	-0.255342 0.942123
769	-0.640622 0.984704
770	-0.00594275 0.907511
771	0.00837479 0.930147
772	-0.678676 0.983423
773	-0.678877 0.968128
774	-0.0415182 0.938894
775	-0.465074 0.946175
776	0.184622 0.950031
777	-0.853515 1.00539
778	-0.499525 0.956598
779	-0.57101 0.975248
780	-0.898583 0.995427
781	-0.401956 0.955487
782	-0.397186 0.95417
783	0.586181 1.09462
784	-0.703024 0.974735
785	-0.511246 0.960536
786	-0.199144 0.937941
787	-0.544219 0.97073
788	-0.234193 0.937167
789	-0.149633 0.919945
790	-0.943033 1.01438
791	-0.573369 0.95526
792	-0.334808 0.956287
793	-0.137921 0.961003
794	0.116873 0.946487
795	-0.289337 0.955451
796	-1.10448 1.04284
797	-0.215653 0.945251
798	-0.257376 0.943478
799	-0.560986 0.955135
800	-0.532449 0.960407
801	-0.10268 0.920771
802	-0.452744 0.96583
803	-0.462815 0.963241
804	-0.52238 0.972912
805	-0.456545 0.961791
806	0.038609 0.937036
807	-0.225488 0.929686
808	-0.368115 0.961516
809	-0.268563 0.931157
810	0.45552 1.05377
811	0.310176 0.958985
812	-0.54782 0.972714
813	0.0189042 0.947113
814	-0.566559 0.963581
815	-0.552946 0.950147
816	-0.284878 0.949371
817	-0.636146 0.976337
818	-0.526411 0.973152
819	-0.189005 0.930196
820	-0.636016 0.959556
821	-0.275652 0.945263
822	-0.46978 0.962095
823	-0.00919475 0.947499
824	-0.622196 0.978322
825	-0.960889 1.01504
826	-0.201751 0.944248
827	-0.250391 0.953769
828	-0.174861 0.928668
829	-0.14473 0.943057
830	-0.0759561 0.93355
831	-0.354161 0.942198
832	-0.742868 0.973921
833	-0.0616843 0.937464
834	-0.32003 0.955554
835	-1.02609 1.02949
836	-0.65029 0.979672
837	-0.413822 0.960163
838	-0.711591 0.943141
839	-0.112238 0.936818
840	-0.914482 1.00601
841	-0.274588 0.923687
842	-0.184153 0.940491
843	-0.334218 0.952374
844	-0.24135 0.939026
845	-0.541461 0.973702
846	-0.104502 0.930161
847	-0.700443 0.978208
848	-0.392344 0.943394
849	-0.252453 0.950772
850	-0.616032 0.974908
851	-0.395056 0.948068
852	-0.664688 0.989424
853	-0.87503 1.00582
854	-1.09659 1.04465
855	-0.522992 0.950442
856	-0.693835 0.975841
857	-0.490884 0.968601
858	-0.517492 0.954822
859	-0.515726 0.974014
860	-0.920679 1.0102
861	-0.297653 0.948549
862	-0.720931 0.951918
863	-0.835167 1.00271
864	-0.63101 0.975543
865	-0.945884 1.00907
866	-0.489003 0.962545
867	-0.881854 1.00375
868	-0.832994 0.989776
869	-0.755839 0.981582
870	-0.517176 0.957995
871	-0.372712 0.952544
872	-0.46257 0.946912
873	-0.424185 0.966478
874	-0.348204 0.949616
875	-0.69907 0.970529
876	-0.184126 0.943186
877	-0.526264 0.975711
878	-0.435631 0.96497
879	-0.160661 0.949281
880	-0.688988 0.960166
881	-0.241979 0.949691
882	-0.0361073 0.916506
883	-0.1809 0.944461
884	-0.570148 0.964274
885	-0.356644 0.948258
886	-1.00443 1.03088
887	-0.1462 0.949891
888	-0.147256 0.961791
889	-0.816667 1.00583
890	-0.778014 0.989973
891	-0.856436 1.00137
892	-0.644939 0.972601
893	0.11949 0.957834
894	0.257463 0.970922
895	-0.0146708 0.930694
896	-0.803543 0.991477
897	-0.777654 0.989715
898	-0.977492 1.01858
899	-0.329532 0.939918
900	-0.179663 0.928725
901	-0.127366 0.934487
902	-0.767582 1.00125
903	0.49433 1.06694
904	0.330163 0.981415
905	-0.954754 1.0081
906	-0.170877 0.905043
907	-0.423221 0.967224
908	-0.225096 0.953213
909	-0.417661 0.960151
910	-0.22151 0.934818
911	-0.525452 0.965067
912	0.159587 0.964564
913	-1.02917 1.02752
914	-0.270033 0.956477
915	0.356825 1.01671
916	-0.967515 1.01173
917	-0.641665 0.970924
918	-0.512045 0.971416
919	-0.954903 1.01886
920	-0.311907 0.94286
921	-0.489765 0.965026
922	-0.681753 0.964171
923	-0.443212 0.938052
924	-0.0268193 0.938454
925	0.125077 0.950298
926	-0.419829 0.969434
927	-0.574482 0.961898
928	-0.725919 0.972105
929	-0.484321 0.960583
930	-0.322186 0.957496
931	-0.392913 0.95496
932	-0.512991 0.941418
933	-0.67965 0.96671
934	-0.46142 0.957447
935	-0.233619 0.949997
936	-0.4278 0.963038
937	-0.489605 0.939336
938	-0.382925 0.961734
939	-0.772184 0.990032
940	-0.823926 0.987515
941	-0.175089 0.94691
942	-0.853726 1.00186
943	-0.332422 0.932285
944	-0.428376 0.961734
945	-1.07911 1.03765
946	-0.905775 1.00949
947	-0.717836 0.977279
948	-0.423613 0.953385
949	-0.647271 0.971331
950	-0.428798 0.948951
951	-0.401486 0.959095
952	-0.847934 0.991605
953	-0.167922 0.942185
954	-0.672428 0.983627
955	-0.50857 0.961869
956	-0.787528 0.980817
957	-0.202151 0.938306
958	-0.509531 0.949746
959	-0.332554 0.92246
960	-0.823929 0.995743
961	-0.410574 0.968459
962	-0.554911 0.968993
963	-0.260225 0.953394
964	-0.175326 0.926497
965	-0.885718 0.999757
966	-0.576183 0.953816
967	-0.0141456 0.914506
968	-0.070329 0.939517
969	-0.680758 0.981053
970	-0.526358 0.972129
971	-0.172967 0.936243
972	-0.353223 0.961644
973	-0.112847 0.922744
974	-0.526668 0.957851
975	-0.28745 0.924612
976	0.38638 0.96548
977	-0.541862 0.975009
978	-0.056214 0.949298
979	-0.274481 0.950328
980	0.0824103 0.93267
981	-0.159124 0.950439
982	-0.666492 0.970287
983	-0.663005 0.98174
984	-0.368871 0.960201
985	-0.326666 0.950189
986	-0.21602 0.953062
987	0.117344 0.937874
988	-0.951257 1.01743
989	-0.971027 1.01276
990	-0.31164 0.948156
991	-0.559474 0.968029
992	-0.30237 0.943632
993	-0.552239 0.957347
994	-0.0458667 0.912954
995	-0.971315 1.01335
996	-0.471565 0.967787
997	-0.406985 0.942784
998	-0.322111 0.952515
999	-0.967215 1.02027
1000	-0.493526 0.964314
1001	-1.09328 1.03323
1002	-0.102449 0.953597
1003	-0.563284 0.967749
1004	-0.611946 0.970236
1005	-0.111479 0.945211
1006	-0.147502 0.942441
1007	-0.704163 0.970656
1008	-0.657182 0.965002
1009	-0.125068 0.903174
1010	-0.476422 0.949509
1011	-0.33372 0.932204
1012	-0.553413 0.955457
1013	0.201611 0.920884
1014	-0.498453 0.97003
1015	-1.07623 1.03858
1016	0.345349 0.961239
1017	-0.213658 0.943513
1018	-0.661164 0.935422
1019	-0.447014 0.962317
1020	-0.50407 0.979523
1021	-0.495803 0.961563
1022	-0.403468 0.896311
1023	-0.120045 0.939959
1024	-0.529893 0.976679
1025	-0.0762624 0.948056
1026	-0.423474 0.965211
1027	0.437548 1.057
1028	0.107965 0.947546
1029	-0.460861 0.973258
1030	-0.016102 0.957615
1031	0.0577702 0.938112
1032	-0.488529 0.96008
1033	-0.478803 0.975067
1034	-0.45955 0.94739
1035	-0.451256 0.928949
1036	-0.424834 0.95425
1037	-0.182735 0.940754
1038	0.27646 0.96706
1039	-0.358484 0.961769
1040	-0.442926 0.974051
1041	-0.326959 0.960309
1042	-0.580899 0.986011
1043	-0.529018 0.970659
1044	-0.466518 0.968121
1045	-0.511564 0.972865
1046	-0.284781 0.949918
1047	-0.477174 0.96402
1048	-0.425199 0.967984
1049	-0.438764 0.968905
1050	0.709231 1.16901
1051	0.140151 0.944164
1052	0.0330792 0.943415
1053	-0.096831 0.955027
1054	-0.241753 0.954184
1055	-0.507204 0.965
1056	-0.459278 0.947846
1057	-0.42719 0.895641
1058	-0.109825 0.94217
1059	0.551764 1.02001
1060	2.03004 2.233
1061	-0.410032 0.94564
1062	0.424504 0.946868
1063	0.641581 1.06563
1064	0.356265 0.959982
1065	-0.625652 0.996812
1066	1.03837 1.23281
1067	-0.235949 5.00869
1068	0.0961705 0.898404
1069	0.543324 1.02143
1070	0.445168 1.03643
1071	-0.0413638 0.909959
1072	-0.126245 0.918313
1073	0.683502 1.08443
1074	0.512925 1.07595
1075	0.634401 1.11364
1076	-0.0944919 0.888847
1077	0.260286 0.960522
1078	0.129896 0.96503
1079	-0.224353 0.837867
1080	-0.483895 0.878423
1081	0.291769 0.957182
1082	0.325842 0.969225
1083	0.0777778 0.922091
1084	-0.00354715 0.936017
1085	0.796286 1.11391
1086	-0.177022 0.881647
1087	1.05544 5.75533
1088	0.453794 0.998765
1089	2.79371 3.29484
1090	0.145358 0.923068
1091	-0.203681 5.10218
1092	0.269825 0.981232
1093	0.68875 1.08013
1094	0.308329 0.946981
1095	0.71108 1.08575
1096	0.462524 0.988648
1097	0.155026 0.926873
1098	0.439755 0.998295
1099	-0.462603 0.924926
1100	-0.635101 0.925711
1101	-0.490901 0.939385
1102	0.558139 1.03157
1103	-0.455052 0.891749
1104	0.370851 0.96165
1105	0.58228 0.982132
1106	-0.565561 0.928335
1107	-0.427724 0.902817
1108	-0.272374 0.898582
1109	0.367086 0.974421
1110	-0.292406 0.920431
1111	0.615893 1.06198
1112	0.495506 0.989318
1113	0.235228 0.933992
1114	0.519795 1.02305
1115	0.344043 0.997808
1116	0.424148 1.0047
1117	0.303022 1.0196
1118	-0.670875 0.939894
1119	0.486987 0.981128
1120	0.16112 0.927075
1121	0.789194 1.10973
1122	0.33705 0.935645
1123	0.307383 0.910133
1124	-0.870751 0.966755
1125	0.384741 0.994832
1126	0.0171918 0.923015
1127	-0.322568 0.844372
1128	0.461622 0.998757
1129	-0.538296 0.941755
1130	0.142873 0.965416
1131	0.453587 1.00392
1132	-0.412411 5.16915
1133	-0.848093 0.933285
1134	0.161009 0.879981
1135	0.756389 1.0396
1136	-0.153158 0.911967
1137	0.241956 0.968681
1138	-0.0837806 0.900762
1139	0.249557 1.00132
1140	0.0507223 0.916752
1141	0.827305 1.06847
1142	-0.161828 0.898207
1143	-0.513815 0.93499
1144	-0.393344 0.921993
1145	-0.431339 0.915291
1146	0.551274 0.994974
1147	0.592272 1.03437
1148	-0.186574 0.875086
1149	-0.0536173 0.927809
1150	0.27778 0.975367
1151	0.630734 1.04745
1152	1.13718 1.34773
1153	1.07079 1.18057
1154	0.182095 0.969455
1155	-0.461582 0.945017
1156	0.0982354 0.914527
1157	0.0306627 0.956945
1158	0.921599 1.30537
1159	-0.325672 0.836106
1160	0.669188 1.05548
1161	0.273869 0.934968
1162	0.14171 0.920858
1163	0.778229 1.09159
1164	0.317424 0.979177
1165	-0.610783 0.890233
1166	0.538108 1.01494
1167	1.12273 1.22466
1168	0.443191 0.968567
1169	0.104275 0.897617
1170	0.858554 1.14859
1171	0.915003 1.18677
1172	0.834307 1.12956
1173	-0.129533 0.901411
1174	0.21415 0.937726
1175	0.116099 0.926603
1176	0.225196 0.966295
1177	-1.03893 0.964865
1178	3.86794 4.93887
1179	0.473233 1.00674
1180	-0.431773 0.924603
1181	0.551669 1.01044
1182	0.841914 1.18168
1183	2.1014 2.30199
1184	0.843197 1.11613
1185	-0.0939394 0.91488
1186	0.718425 1.09778
1187	0.598653 1.01957
1188	0.23474 0.955722
1189	-0.0490976 0.876665
1190	0.497084 1.03336
1191	3.31762 4.04319
1192	0.734495 5.64194
1193	0.604279 1.05856
1194	-0.239441 0.889936
1195	0.137915 0.928411
1196	-0.842149 0.918553
1197	-0.318726 0.960133
1198	0.38885 0.949783
1199	0.208779 0.93864
1200	0.250915 0.946599
1201	0.110407 0.942017
1202	0.157126 0.972323
1203	-0.13821 0.965454
1204	-0.448346 0.978536
1205	0.35859 0.963
1206	1.17795 1.32316
1207	1.31494 1.37998
1208	0.74583 1.08455
1209	0.522353 1.03224
1210	0.177535 0.978418
1211	0.913081 1.28448
1212	0.913222 1.15352
1213	-0.148783 0.911694
1214	0.676811 1.10284
1215	-0.988948 0.950162
1216	0.459296 0.986745
1217	3.14221 3.78945
1218	0.676778 1.07857
1219	0.220746 0.913083
1220	1.03536 1.23598
1221	-0.131815 0.916165
1222	0.579362 1.03163
1223	0.00217191 0.903151
1224	0.887404 1.19188
1225	0.897057 1.2683
1226	0.420957 1.05505
1227	1.33209 1.35557
1228	-0.12756 0.906339
1229	-0.151328 0.954832
1230	0.220271 0.945709
1231	0.767422 1.0953
1232	0.17515 0.92488
1233	-0.0309609 0.869342
1234	0.639724 1.0453
1235	0.456596 1.00604
1236	-0.237165 0.972972
1237	0.550688 1.01572
1238	1.06739 5.68041
1239	0.126302 0.893494
1240	0.567827 1.04076
1241	-0.753852 0.977167
1242	0.158321 0.927043
1243	0.602137 1.0336
1244	0.176048 0.958837
1245	0.0979413 0.906559
1246	-0.939256 1.00558
1247	0.166024 0.955801
1248	0.346182 0.956502
1249	0.268747 0.945545
1250	0.419283 0.999077
1251	-0.0761576 0.893591
1252	0.209386 0.960705
1253	0.447459 1.01325
1254	0.624673 1.0583
1255	0.250102 0.997462
1256	0.0275258 0.936371
1257	0.54379 1.01176
1258	0.811193 1.10901
1259	0.963792 1.15524
1260	0.49809 1.00192
1261	0.726826 1.05723
1262	-0.0113463 0.907244
1263	0.337591 0.986252
1264	-0.570699 0.912671
1265	-0.479574 0.906481
1266	-0.0522306 0.947372
1267	0.346726 0.983719
1268	0.211195 0.894279
1269	-0.638979 0.95985
1270	0.404609 1.0307
1271	2.93727 3.52301
1272	0.311882 1.01075
1273	0.372728 0.96212
1274	0.322284 0.998713
1275	-0.793044 0.932359
1276	0.584107 1.04812
1277	1.09216 5.66055
1278	0.848067 1.08181
1279	0.0304528 0.881532
1280	0.189178 1.00141
1281	0.484971 0.983955
1282	-0.125082 0.908162
1283	0.196768 0.944178
1284	-0.0597873 0.90893
1285	0.513203 1.05334
1286	-0.145466 0.944767
1287	0.749579 1.10261
1288	0.908589 1.28498
1289	0.340988 1.00503
1290	0.633761 1.09764
1291	-0.873699 0.998862
1292	0.643194 1.03557
1293	0.195533 0.961468
1294	0.479279 0.966371
1295	-0.0383074 0.896565
1296	0.0140954 0.911293
1297	0.438713 0.998417
1298	0.28424 0.958274
1299	0.109274 0.939793
1300	-1.297 0.976536
1301	0.221298 0.948114
1302	1.07482 1.2846
1303	0.618103 1.03838
1304	0.499412 1.0303
1305	0.0844077 0.912199
1306	0.614479 1.06639
1307	0.649925 1.06882
1308	0.176534 0.987096
1309	0.0774121 0.904057
1310	0.336506 0.978269
1311	0.364703 0.956498
1312	0.555543 1.04305
1313	0.326137 1.00521
1314	0.483501 1.06606
1315	-0.0821129 0.971954
1316	0.826266 1.13474
1317	0.347315 0.980335
1318	0.757469 1.10572
1319	0.814261 5.5666
1320	-0.30186 5.05357
1321	0.697359 1.07184
1322	0.218319 0.961648
1323	0.363253 0.981825
1324	-0.367317 4.94971
1325	0.634337 1.0439
1326	0.553497 1.02548
1327	0.107937 0.943813
1328	0.459672 1.04594
1329	-0.0815014 0.932285
1330	0.00368345 0.931825
1331	0.590408 1.04377
1332	-0.619663 0.893315
1333	0.732126 1.04119
1334	-0.429631 0.983811
1335	3.12625 3.73048
1336	0.145784 0.952619
1337	0.549203 1.05274
1338	0.308437 0.961657
1339	-0.452751 0.936522
1340	0.303201 0.975383
1341	0.677444 1.11354
1342	-0.165209 0.937604
1343	-0.169946 0.965769
1344	-0.352235 0.890411
1345	-0.00988147 0.940799
1346	-0.447337 0.914966
1347	1.24458 1.35708
1348	1.17715 1.26251
1349	0.6732 1.05288
1350	0.705457 5.49273
1351	0.71711 1.0746
1352	0.127557 0.976535
1353	0.519172 1.01173
1354	-0.422926 0.904389
1355	-0.327726 0.903819
1356	-0.0889472 0.914422
1357	1.49182 1.45932
1358	0.293071 0.981725
1359	-0.651239 0.979447
1360	0.463657 1.03181
1361	0.619877 1.03028
1362	0.0741556 0.912136
1363	-0.167011 5.07785
1364	0.301216 0.983743
1365	-0.324142 0.959893
1366	0.682888 1.09517
1367	0.609802 1.06825
1368	0.15412 0.941516
1369	0.34559 0.975819
1370	0.884413 1.21296
1371	0.0962173 0.967622
1372	0.24968 0.932983
1373	-0.134413 0.899572
1374	-0.605062 0.974298
1375	0.729088 1.07692
1376	1.05735 1.24164
1377	0.385706 1.01278
1378	0.914375 1.28238
1379	1.04704 1.24885
1380	0.181801 0.966642
1381	0.53995 1.01337
1382	0.399148 0.995457
1383	0.0235461 0.951674
1384	1.08606 5.75669
1385	0.435103 1.01266
1386	0.313341 1.01758
1387	0.0391994 0.918198
1388	0.41314 0.975329
1389	0.115056 0.949939
1390	0.766605 1.1247
1391	0.573438 1.01624
1392	-0.400297 0.949194
1393	-0.133495 0.940539
1394	-1.31349 0.943075
1395	-0.758914 0.951513
1396	0.498105 1.06296
1397	0.50299 0.984671
1398	0.0822681 0.935724
1399	-0.204127 0.893198
1400	1.72646 1.77572
1401	0.810227 1.13878
1402	-0.75128 0.930394
1403	1.34716 1.38988
1404	0.16005 0.947501
1405	0.0672127 0.953874
1406	0.439671 1.01448
1407	-0.19508 0.894309
1408	-0.691541 0.910281
1409	0.828982 1.09199
1410	0.329744 0.952304
1411	0.115735 0.930099
1412	0.216369 0.954864
1413	1.02734 1.24048
1414	0.172009 0.96716
1415	-0.0864578 0.934531
1416	0.137953 0.924148
1417	-0.0918988 0.892339
1418	0.0318998 0.920149
1419	0.289972 0.923591
1420	-0.0655398 0.937026
1421	-0.785028 0.826607
1422	1.37512 1.42323
1423	0.480171 1.06144
1424	-0.626804 0.892117
1425	1.10489 1.24807
1426	-0.50437 0.974709
1427	0.275977 0.938859
1428	0.661573 1.11581
1429	-0.392882 0.916482
1430	0.0195809 0.967746
1431	-0.323497 0.938136
1432	0.47056 0.973647
1433	0.158616 0.9062
1434	-0.461858 5.102
1435	0.323125 0.97503
1436	0.527365 1.0083
1437	-0.300559 0.911374
1438	0.556323 1.08071
1439	2.1194 2.32728
1440	-0.340506 0.928807
1441	0.917447 1.14627
1442	-0.884903 0.99844
1443	1.15601 1.33038
1444	0.175078 0.948016
1445	-0.33171 0.963248
1446	-0.598696 0.921992
1447	-0.185677 0.911813
1448	2.02704 2.10634
1449	-0.424079 0.901194
1450	-0.431653 0.91815
1451	-0.406382 0.904843
1452	-0.873587 0.981103
1453	0.0927356 0.95369
1454	0.706442 1.08638
1455	0.234878 0.954768
1456	0.551749 1.0577
1457	0.222246 0.943682
1458	1.00454 1.1609
1459	0.378496 0.977221
1460	0.531661 1.00057
1461	-0.249102 0.89787
1462	0.957822 1.29707
1463	0.300357 0.973194
1464	0.649612 1.04694
1465	-0.326515 0.942496
1466	0.717061 1.05946
1467	-0.856868 0.954078
1468	0.660666 1.09927
1469	1.08456 1.26599
1470	0.778658 1.10154
1471	0.092151 0.916627
1472	0.435282 1.02428
1473	1.79952 1.8757
1474	-0.976052 0.962255
1475	-0.467108 0.963198
1476	-0.584785 0.883842
1477	0.576516 1.0223
1478	-0.577482 0.859367
1479	-0.259632 0.916377
1480	0.437689 1.06518
1481	0.397434 0.922205
1482	-0.0631542 0.902808
1483	0.643688 1.07343
1484	0.057439 0.942332
1485	0.283862 0.966885
1486	0.493395 0.977549
1487	0.778074 1.15598
1488	1.04565 1.22971
1489	-0.296952 0.945706
1490	0.742595 0.983778
1491	-0.142231 0.892108
1492	0.256512 1.01063
1493	0.298256 0.930118
1494	0.986684 1.20761
1495	0.528248 1.00048
1496	-0.289634 0.895672
1497	0.770265 1.07592
1498	-1.22393 0.944227
1499	-0.537019 0.93743
1500	0.791412 5.53811
1501	0.942776 1.13686
1502	-0.222691 0.932742
1503	1.09659 1.28381
1504	0.351851 0.967836
1505	0.323062 0.972398
1506	-0.193511 0.913229
1507	0.706434 1.08927
1508	0.888547 1.13243
1509	0.624304 1.04478
1510	0.398225 0.9819
1511	0.338958 0.959405
1512	0.0916561 0.93552
1513	0.164525 0.94699
1514	-0.101337 0.920983
1515	0.627872 1.04239
1516	-0.395285 0.968534
1517	0.575674 0.980894
1518	0.0647271 0.926989
1519	0.587071 1.00547
1520	0.264618 0.96966
1521	1.04929 5.65903
1522	-0.629873 0.950412
1523	-0.831127 0.953526
1524	-0.355071 0.859665
1525	-0.171016 0.927376
1526	0.327183 0.97209
1527	-0.229503 0.933683
1528	0.160197 0.934213
1529	-0.149205 0.910855
1530	-0.659303 0.950658
1531	0.474367 0.998103
1532	0.542643 1.02762
1533	0.321694 0.940596
1534	-0.578912 0.984576
1535	0.238323 0.967943
1536	0.516236 1.01136
1537	0.067716 0.934344
1538	0.548705 1.02019
1539	0.335169 1.02204
1540	1.00627 5.58743
1541	-0.581091 0.961252
1542	0.353312 0.978253
1543	0.620071 1.0443
1544	1.52362 1.47132
1545	0.561567 1.05091
1546	0.625077 0.995724
1547	0.483259 1.03894
1548	0.629534 1.08811
1549	-0.251103 0.985456
1550	1.28762 1.37379
1551	0.906314 1.16416
1552	-0.211902 0.927261
1553	0.498782 1.03172
1554	0.6307 1.06414
1555	0.437853 0.988196
1556	0.32591 0.958385
1557	-0.0275652 0.931854
1558	0.07601 0.861333
1559	0.463614 0.993559
1560	0.788455 1.11993
1561	1.18366 1.2845
1562	0.323133 0.931257
1563	0.150019 0.898168
1564	0.0429401 0.944627
1565	0.614802 1.05262
1566	-0.219403 0.98186
1567	-0.50761 0.87362
1568	-0.461172 0.965756
1569	-0.156379 0.908886
1570	1.04546 1.24471
1571	-0.0678737 0.934378
1572	0.807022 1.08246
1573	0.609531 1.02996
1574	0.204814 0.936534
1575	-1.04022 0.883871
1576	-1.09751 0.875948
1577	-0.0878134 0.882311
1578	0.89259 1.28331
1579	0.258892 0.950022
1580	-0.274245 0.91425
1581	-0.199022 0.964935
1582	0.453116 0.966576
1583	1.01569 1.20846
1584	-0.662304 0.914808
1585	-0.257176 0.914653
1586	0.395397 0.938407
1587	-0.0665873 0.900452
1588	-0.371998 0.90898
1589	0.191674 0.923282
1590	0.325555 0.982341
1591	0.154408 0.962468
1592	1.29533 1.34178
1593	-0.228442 0.970274
1594	0.55962 1.04671
1595	-0.81966 0.801068
1596	0.349725 0.945687
1597	-0.509428 0.788394
1598	0.471196 1.00616
1599	0.226113 0.929316
1600	-0.23041 0.854839
1601	0.488245 0.957725
1602	0.368407 0.998333
1603	1.17544 1.29869
1604	-0.410688 0.938927
1605	-0.240839 0.909459
1606	0.00641367 0.930058
1607	1.02577 1.20031
1608	0.484462 0.999197
1609	-0.271862 0.916347
1610	0.20018 0.936584
1611	0.62694 1.04568
1612	0.393644 0.959876
1613	0.9006 1.26729
1614	0.38214 1.01833
1615	0.175038 0.949046
1616	0.418485 0.991735
1617	-0.141557 0.921564
1618	0.79692 1.13216
1619	0.790747 1.13304
1620	0.496155 1.00964
1621	-0.363197 4.95839
1622	0.302008 1.00329
1623	0.413925 0.920839
1624	0.56334 1.05675
1625	0.537095 1.00762
1626	0.168866 0.911341
1627	0.952661 1.31017
1628	-0.0149135 0.891558
1629	0.618589 1.00272
1630	-0.293418 0.990649
1631	1.44949 1.50109
1632	0.461111 1.00435
1633	-1.37631 1.006
1634	0.342062 1.03218
1635	0.707755 1.06296
1636	0.231756 0.942851
1637	0.700808 1.09064
1638	0.310278 0.941992
1639	0.19994 0.893854
1640	-1.35682 1.00234
1641	0.940576 1.30371
1642	0.111458 0.923969
1643	-0.219444 0.917736
1644	0.251952 0.948171
1645	-0.353636 0.913891
1646	0.413416 1.01252
1647	-0.371409 0.945113
1648	1.78536 1.86557
1649	0.662494 1.10782
1650	0.910855 1.13514
1651	0.391007 0.964328
1652	-0.121346 0.916022
1653	0.414704 1.01288
1654	-0.0499335 0.942013
1655	-1.23777 0.945353
1656	-0.207375 0.899063
1657	0.382444 0.972913
1658	0.185861 0.934591
1659	-0.36975 0.912177
1660	0.567611 1.02429
1661	0.215263 0.95066
1662	0.511491 0.978765
1663	-0.982686 0.927625
1664	-0.0315275 0.930981
1665	0.030192 0.91453
1666	0.167399 0.850748
1667	-0.34878 0.882686
1668	0.364019 0.974699
1669	0.052369 0.931353
1670	0.27021 0.985328
1671	-0.131399 0.916943
1672	-0.553952 0.930083
1673	0.116755 0.936804
1674	0.321007 0.95543
1675	0.350485 0.964436
1676	0.404882 1.02619
1677	-0.533307 0.945717
1678	0.682905 1.09314
1679	-0.436262 0.929939
1680	0.286226 0.945629
1681	0.564323 0.993371
1682	-0.54424 0.927962
1683	0.429586 1.00524
1684	-0.170583 0.907618
1685	-0.345986 0.858213
1686	0.553898 1.09661
1687	0.811824 1.08266
1688	1.03866 1.16158
1689	0.425546 1.01061
1690	-0.084421 5.08689
1691	-0.218249 0.946439
1692	0.311101 0.951487
1693	-0.277116 0.930373
1694	0.358843 1.03449
1695	0.575482 1.0341
1696	-0.464231 0.943884
1697	0.209464 0.967855
1698	-0.395769 0.952694
1699	0.47673 1.03707
1700	-1.53747 1.02519
1701	0.220588 0.955751
1702	-0.209347 0.907204
1703	0.777587 1.06378
1704	0.381273 1.00064
1705	-0.412628 0.929042
1706	0.676023 1.05898
1707	-0.278368 0.926836
1708	0.469947 0.986716
1709	0.152911 0.940637
1710	-0.306555 0.912052
1711	0.659154 1.03
1712	0.323178 0.964986
1713	0.0440908 0.933683
1714	-0.101939 0.905088
1715	0.656142 1.11796
1716	0.0835349 0.907267
1717	0.814321 1.08111
1718	0.684664 1.0608
1719	0.53051 0.954546
1720	-0.183077 0.882533
1721	-0.264011 0.920661
1722	-0.26101 0.832485
1723	-0.714644 0.985648
1724	0.410135 1.00343
1725	0.332125 0.953686
1726	0.820799 1.08451
1727	0.949076 1.15005
1728	-0.0364992 0.946222
1729	0.622019 1.07781
1730	1.03995 1.25954
1731	-0.259081 0.939432
1732	0.629933 1.02942
1733	0.145598 0.853479
1734	0.464554 1.05881
1735	0.124347 0.953801
1736	0.645713 1.04443
1737	0.210285 0.938222
1738	0.304625 0.979398
1739	-0.0652164 0.899494
1740	-0.96144 0.90474
1741	0.211914 0.980032
1742	0.931412 1.28936
1743	-0.0998857 0.956332
1744	0.665944 5.40052
1745	-0.188978 4.90797
1746	0.345931 1.00454
1747	-0.0663391 0.931995
1748	0.80311 1.15439
1749	0.265421 1.00619
1750	0.298416 0.971076
1751	0.543646 1.06395
1752	1.20744 1.3367
1753	-0.311686 0.900583
1754	0.316777 0.96663
1755	-0.457653 0.882851
1756	0.484806 1.03318
1757	0.337839 0.972233
1758	0.696287 1.06904
1759	0.718564 1.09148
1760	0.0964111 0.951802
1761	0.614289 1.03671
1762	-0.082088 0.938043
1763	0.931377 1.19237
1764	0.344343 0.966979
1765	0.315083 0.957212
1766	-0.390155 0.933637
1767	0.77317 1.14905
1768	0.359421 0.980354
1769	0.334649 0.908262
1770	0.529054 1.04374
1771	-1.23893 1.04926
1772	0.843747 1.14038
1773	0.680325 1.1368
1774	-0.212522 0.858183
1775	0.518081 1.07859
1776	-0.535287 0.85051
1777	-0.813898 0.898195
1778	0.0172572 0.87557
1779	-0.252097 0.946698
1780	0.203291 0.942708
1781	0.332981 0.966265
1782	0.327773 0.981615
1783	0.83788 1.10473
1784	-0.18638 0.955637
1785	0.52933 0.998604
1786	-0.124428 0.943579
1787	0.598665 1.02226
1788	-0.607896 0.906484
1789	0.532834 1.00614
1790	-0.35613 0.971407
1791	1.01055 1.21927
1792	0.864398 1.16854
1793	-0.466015 0.933073
1794	-0.216367 0.897182
1795	-0.131799 0.856473
1796	-0.194534 0.938366
1797	-0.232807 0.937541
1798	0.34605 1.02769
1799	0.479575 1.00082
1800	-0.115941 0.916941
1801	-0.41482 0.844835
1802	0.549013 0.990522
1803	-0.292587 0.943434
1804	0.00220019 0.943961
1805	-0.172754 0.881407
1806	-0.495636 0.953416
1807	0.34526 0.989933
1808	0.650034 1.05444
1809	-0.710434 0.947343
1810	0.228124 0.948462
1811	0.543247 0.9877
1812	0.741971 1.10208
1813	0.296322 1.01116
1814	-0.370632 0.899062
1815	0.715027 1.09993
1816	1.15341 1.30619
1817	0.514978 1.01492
1818	0.581102 0.993422
1819	0.583405 1.01734
1820	0.406591 0.970211
1821	0.0432068 0.939448
1822	0.631763 1.06015
1823	-0.143707 0.900983
1824	1.24265 1.35694
1825	0.833154 1.12229
1826	-0.757154 0.966327
1827	-0.141841 0.937599
1828	0.476643 1.01078
1829	0.645321 1.05061
1830	0.167314 0.967084
1831	0.399508 0.982215
1832	0.229184 0.980615
1833	0.0710476 0.911918
1834	0.211726 0.972551
1835	0.881316 1.26506
1836	1.96219 2.17501
1837	-0.174109 0.95042
1838	0.255905 0.951017
1839	-0.393313 5.05016
1840	0.0929943 0.951536
1841	-0.180697 0.923723
1842	0.41268 1.0464
1843	0.475591 0.994884
1844	-0.392454 0.911343
1845	0.0217543 0.835904
1846	0.190192 0.933211
1847	0.941585 1.14189
1848	0.544578 0.94822
1849	0.104494 0.886122
1850	-0.567173 0.902331
1851	0.930343 1.3026
1852	0.0334325 5.08819
1853	0.35362 0.974469
1854	0.175038 0.932754
1855	0.259814 0.947588
1856	0.0801746 0.913602
1857	-0.146868 0.917259
1858	0.446371 1.04912
1859	1.19489 1.28011
1860	0.487517 1.01039
1861	0.42566 1.00135
1862	-0.306425 0.947842
1863	0.381386 1.0227
1864	-0.466785 0.924286
1865	0.848086 1.16126
1866	0.744596 1.06968
1867	-0.244233 0.910321
1868	1.10316 1.32503
1869	0.55056 1.03139
1870	0.337923 0.975032
1871	0.191213 0.989252
1872	0.217286 0.924779
1873	-0.0457405 0.943367
1874	0.0498111 0.934468
1875	-0.864496 4.99587
1876	0.0942589 0.92096
1877	-0.988859 0.951683
1878	0.173566 0.935481
1879	-0.462728 0.944396
1880	-1.26364 0.977008
1881	0.319652 1.0117
1882	0.687121 1.07209
1883	0.39583 1.00119
1884	-0.273582 0.942758
1885	0.322286 0.944962
1886	-0.368371 0.965701
1887	0.736812 1.06076
1888	1.3247 1.4719
1889	-0.381486 0.936722
1890	0.80345 1.10913
1891	1.126 1.32832
1892	0.161487 0.872667
1893	0.109338 0.914624
1894	-0.436773 0.943941
1895	0.234305 0.937846
1896	0.29446 1.00227
1897	-0.139451 0.928062
1898	-0.397863 0.859098
1899	0.409626 0.98939
1900	-0.0436935 0.916071
1901	0.45269 0.98122
1902	0.638816 0.99656
1903	0.63469 1.03858
1904	0.62649 1.03718
1905	0.651481 1.08684
1906	0.909131 1.15537
1907	0.170115 1.01642
1908	-0.0985087 0.903941
1909	-0.469599 0.89433
1910	0.0897242 0.972722
1911	0.810434 1.11101
1912	0.134976 0.910153
1913	1.03791 1.19374
1914	0.280496 1.01294
1915	-0.0309744 0.930961
1916	0.860334 1.18114
1917	0.916172 1.13051
1918	-0.0906992 0.928411
1919	-0.223199 0.932726
1920	-0.526199 0.976171
1921	0.287172 0.945853
1922	-0.0286898 0.923324
1923	-0.252483 0.944044
1924	-0.353987 0.943798
1925	0.645154 1.09118
1926	0.745195 1.03953
1927	-0.0163544 0.92266
1928	0.482704 1.0146
1929	-1.20524 0.928598
1930	-0.49045 0.922117
1931	0.400587 0.981291
1932	-0.122128 0.947815
1933	0.261654 0.951094
1934	0.15296 0.938438
1935	0.661758 1.05538
1936	0.107631 0.947803
1937	0.689775 1.05807
1938	1.38031 1.39275
1939	0.977802 1.2117
1940	0.394994 0.96759
1941	0.202177 0.961758
1942	1.1913 1.25804
1943	-0.513935 5.13237
1944	-0.473217 0.922179
1945	-0.232406 0.915744
1946	-0.41741 0.916433
1947	0.519359 1.02147
1948	-0.953099 0.959025
1949	4.52842 5.88666
1950	-0.212179 0.929056
1951	0.739135 1.08021
1952	-0.0460683 0.904065
1953	0.256226 1.00117
1954	-0.0595367 0.925139
1955	0.24821 0.953581
1956	-0.624468 0.90911
1957	0.729438 1.07323
1958	0.724887 1.1013
1959	0.101606 0.910978
1960	-0.372841 0.995411
1961	0.27236 0.947812
1962	0.332634 0.953031
1963	0.283982 0.979154
1964	0.18021 0.945889
1965	-0.156672 0.902504
1966	-0.0075138 0.91202
1967	-0.210823 0.941983
1968	-0.0665339 0.768385
1969	-0.368559 0.991559
1970	0.157996 0.986775
1971	0.352643 0.989638
1972	0.208393 0.917976
1973	0.556493 0.978633
1974	-0.230323 0.880172
1975	0.449074 0.987878
1976	-0.499288 0.85983
1977	0.554811 0.995766
1978	0.0738573 0.913317
1979	0.970711 1.15195
1980	0.889821 1.19744
1981	0.0750241 0.898286
1982	0.591388 1.03242
1983	0.452948 0.970543
1984	-0.31628 0.92657
1985	-0.039015 0.95821
1986	-0.392651 0.959536
1987	0.422356 1.06122
1988	-0.0138372 0.893817
1989	0.364846 0.993565
1990	0.431854 0.982841
1991	0.755062 1.168
1992	3.92684 5.01503
1993	-0.934759 0.949637
1994	-1.29764 0.971316
1995	-0.184695 0.94544
1996	0.193696 0.94984
1997	-0.530083 0.897786
1998	1.46888 1.49638
1999	0.714385 1.12884
2000	0.315517 0.990537
2001	0.545202 1.02397
2002	1.20589 1.31296
2003	0.56348 1.018
2004	0.166708 0.942574
2005	0.705618 1.15068
2006	0.488262 0.983956
2007	0.333835 0.977544
2008	0.285381 0.952397
2009	-1.00697 0.974489
2010	0.726122 1.06766
2011	-1.41471 0.959247
2012	0.98987 1.31757
2013	0.766299 1.09626
2014	0.479406 0.995205
2015	1.35725 1.39504
2016	0.460566 0.98517
2017	0.258135 0.927615
2018	0.462296 1.04494
2019	-0.177445 0.909721
2020	0.624395 1.05383
2021	-0.767558 0.981983
2022	-0.0501444 0.925636
2023	0.420383 0.887218
2024	-0.599771 0.960547
2025	-0.161463 0.98793
2026	0.113248 0.944596
2027	0.954717 1.19708
2028	-0.0996829 0.934541
2029	0.74878 1.11772
2030	0.195713 0.952131
2031	1.327 1.40559
2032	0.332542 0.921206
2033	-0.157312 0.975236
2034	0.471006 1.00892
2035	0.518276 0.994561
2036	0.887527 1.26482
2037	0.9805 1.12207
2038	0.459175 1.04287
2039	0.319464 0.996083
2040	-0.0518066 0.919988
2041	0.580951 1.06571
2042	0.548066 1.01303
2043	-0.1809 0.907814
2044	0.995432 1.21676
2045	-0.558068 0.953097
2046	1.12347 1.27137
2047	0.276635 0.944285
2048	0.403214 0.960133
2049	0.394188 0.989874
2050	0.596872 1.08272
2051	-0.0786699 0.900728
2052	0.0455991 0.943568
2053	0.857917 1.18101
2054	0.199439 0.947411
2055	0.484772 1.05937
2056	-0.518628 0.932217
2057	-0.205419 0.921811
2058	0.807708 1.11322
2059	0.509538 1.02537
2060	0.643327 1.03684
2061	0.234714 0.975671
2062	0.278481 0.963147
2063	-0.0800564 0.904468
2064	0.827614 1.16408
2065	-0.0198505 0.937689
2066	1.98603 2.21701
2067	0.0578293 0.959641
2068	-0.056244 0.941446
2069	0.601472 1.04252
2070	0.241204 0.945027
2071	-0.492251 0.930994
2072	-0.792098 0.926391
2073	0.756579 1.04104
2074	0.482881 1.01187
2075	-0.396029 0.952875
2076	0.1466 0.95352
2077	0.49168 1.02895
2078	0.676593 1.05542
2079	0.220676 0.944247
2080	0.852019 1.1488
2081	0.730771 1.1437
2082	1.20444 1.29009
2083	0.934507 1.29016
2084	-0.684183 0.982215
2085	0.145884 0.975423
2086	0.417732 0.98741
2087	-0.0575581 0.930912
2088	-0.74649 1.00343
2089	0.344014 0.955519
2090	0.515341 1.07233
2091	-1.3562 0.990082
2092	0.980343 1.11294
2093	0.882996 1.16024
2094	0.0961548 0.922414
2095	0.27334 1.00271
2096	-0.194502 0.895636
2097	3.84382 4.89252
2098	-0.186888 0.938742
2099	0.620338 1.0871
2100	0.681064 1.1071
2101	0.827398 1.16252
2102	-0.705322 0.927388
2103	-0.758203 0.947868
2104	-0.589672 0.999465
2105	0.112723 0.914717
2106	-0.428758 0.971134
2107	-0.330722 0.856505
2108	0.703109 1.03944
2109	0.163205 0.965556
2110	-0.212515 0.893199
2111	1.11969 1.24238
2112	-0.112049 0.915162
2113	0.165805 0.946746
2114	-0.250639 0.881462
2115	0.275061 0.924047
2116	0.247382 0.936915
2117	1.036 1.247
2118	-0.696184 0.978946
2119	-0.060739 0.912188
2120	-0.975152 0.918965
2121	-0.036859 0.954952
2122	0.91628 1.13949
2123	-0.0514173 0.912125
2124	0.171552 0.954935
2125	-0.891635 0.935429
2126	0.278487 0.968092
2127	0.775155 1.09842
2128	-0.22156 4.99457
2129	-0.399332 0.919197
2130	-0.611833 0.971513
2131	0.06001 0.917016
2132	0.418827 0.983518
2133	0.443754 0.995192
2134	0.330759 0.987504
2135	0.305221 0.939555
2136	-0.0042794 0.923183
2137	-0.16728 0.875202
2138	0.92678 1.13155
2139	0.551217 1.02828
2140	-0.410195 0.939659
2141	0.204097 0.978396
2142	0.46215 0.973638
2143	0.736018 1.10349
2144	1.23951 1.31834
2145	0.902332 1.13854
2146	0.266177 0.956051
2147	-0.296172 0.934125
2148	0.462976 0.974007
2149	0.364972 0.979197
2150	-0.806791 0.987603
2151	0.60674 1.03421
2152	-0.398762 0.913951
2153	-0.00130271 0.915089
2154	0.868343 1.1614
2155	0.665275 1.0526
2156	-0.630169 0.969047
2157	0.00466568 0.869912
2158	0.0210517 0.920923
2159	0.440002 1.00323
2160	0.506839 0.965125
2161	-0.0324449 0.947219
2162	0.21128 0.933632
2163	1.47804 1.47783
2164	0.540991 1.02936
2165	0.568231 1.01773
2166	0.834675 1.1335
2167	0.176925 0.949612
2168	-0.177052 0.883542
2169	0.217632 0.961202
2170	-0.123993 0.894428
2171	0.233991 1.01379
2172	0.0149865 0.902028
2173	0.0241976 0.919628
2174	-0.0392316 0.948403
2175	0.458437 1.07072
2176	0.491721 1.00008
2177	-0.436061 0.970014
2178	0.395816 0.962978
2179	-0.495783 0.933323
2180	0.471167 1.01626
2181	0.911795 1.14293
2182	-0.578505 0.979597
2183	0.629336 1.06388
2184	-0.0832224 0.920952
2185	0.68723 1.12406
2186	0.364387 0.969107
2187	0.594124 1.00429
2188	-0.709526 0.94686
2189	0.396552 1.01357
2190	0.620388 1.04918
2191	0.546294 0.987169
2192	0.138211 0.966407
2193	0.912677 1.1875
2194	-0.0789318 0.930106
2195	0.279214 0.974185
2196	0.413793 0.979281
2197	-0.507667 5.07333
2198	0.313573 0.938297
2199	0.264386 0.977722
2200	0.104846 0.934471
2201	-0.330151 0.897579
2202	-0.630037 0.951527
2203	0.447284 1.0278
2204	1.24144 1.32594
2205	0.700453 1.06435
2206	0.613351 1.0628
2207	0.0453934 0.932967
2208	-0.192476 0.914786
2209	-0.505907 0.973847
2210	0.306139 0.973726
2211	-0.210624 0.920948
2212	0.115768 0.93146
2213	0.757287 1.09148
2214	-0.923939 0.894209
2215	0.375186 1.0268
2216	0.574802 1.04645
2217	-0.419183 0.945853
2218	-0.163322 0.884733
2219	-0.943457 0.918992
2220	-0.48324 0.899059
2221	-0.147794 0.918116
2222	0.376251 1.00894
2223	0.604487 1.08039
2224	-1.0549 0.975271
2225	0.436507 1.04721
2226	1.06855 1.25361
2227	-0.208867 0.904849
2228	0.390264 0.975917
2229	-0.0881523 0.902553
2230	-0.429844 0.921937
2231	-0.913873 0.928859
2232	0.506061 1.00117
2233	0.992856 1.20719
2234	0.321746 1.02199
2235	-0.0560693 0.908631
2236	-0.345062 0.90283
2237	0.955547 1.15256
2238	0.905863 1.22421
2239	-0.0246519 0.973004
2240	-0.317783 0.909898
2241	0.0182442 0.911761
2242	0.112904 0.915977
2243	-0.230105 0.911555
2244	0.351062 0.969641
2245	0.364209 0.978619
2246	1.95306 2.01084
2247	-0.0326392 0.874695
2248	0.417814 1.00445
2249	-0.561436 0.94441
2250	0.253609 0.96898
2251	0.264339 0.951307
2252	0.781364 1.06089
2253	3.87483 4.93295
2254	0.963101 1.14535
2255	0.524723 0.989709
2256	0.395957 0.98271
2257	0.566017 1.04239
2258	-0.0556628 0.913239
2259	0.76458 5.59893
2260	0.646167 1.04838
2261	0.570169 1.04824
2262	0.532941 1.02307
2263	0.341634 0.99107
2264	0.481649 1.01377
2265	0.978342 1.20529
2266	-1.36088 0.963608
2267	-0.400393 0.911727
2268	0.356531 0.985703
2269	-0.591525 0.942788
2270	0.508821 1.03648
2271	0.455557 1.06278
2272	-0.317208 0.964412
2273	0.586869 1.07129
2274	0.746176 1.12557
2275	-0.0461544 0.927453
2276	0.27985 0.900129
2277	0.228203 0.925441
2278	-0.78836 0.958461
2279	0.669458 1.10257
2280	0.477863 0.943548
2281	0.487466 1.0568
2282	-0.255396 0.928425
2283	0.627821 1.05533
2284	-0.476383 0.920727
2285	0.604355 1.04297
2286	0.175856 0.913155
2287	0.259971 0.943071
2288	-0.828212 0.994841
2289	0.447226 0.940549
2290	0.523991 1.05826
2291	0.601301 1.04679
2292	0.400352 0.951496
2293	0.435135 1.01708
2294	-0.0228249 0.927462
2295	0.869613 1.12274
2296	0.648127 1.10104
2297	0.701829 1.09033
2298	0.0701851 0.942726
2299	1.32845 1.41024
2300	0.677319 1.00274
2301	0.526982 1.02983
2302	0.209672 0.993241
2303	-0.0234582 0.930959
2304	-0.900883 0.936424
2305	-0.454687 0.967463
2306	-0.168921 0.872153
2307	0.246274 0.960705
2308	0.0686888 0.906789
2309	0.688496 5.46622
2310	0.465862 1.01082
2311	0.56427 1.03065
2312	-0.372825 0.936573
2313	0.259482 0.961107
2314	-0.0450957 0.88155
2315	0.255774 0.964043
2316	0.385807 0.985416
2317	0.396378 1.04716
2318	-0.0931395 0.833864
2319	1.37563 1.47299
2320	0.558995 1.02524
2321	0.350246 0.940457
2322	1.08592 1.22971
2323	0.792529 1.15649
2324	-0.278749 0.963149
2325	0.474579 1.02834
2326	0.145434 0.95886
2327	0.636124 1.0358
2328	1.26576 1.3653
2329	1.38969 1.3954
2330	0.13673 0.984995
2331	-0.689788 0.88605
2332	-0.428789 0.88688
2333	-0.414444 0.97647
2334	3.95337 5.0448
2335	0.325319 0.938842
2336	-0.471114 0.839135
2337	0.174276 0.95981
2338	1.97631 2.0525
2339	0.405418 0.989263
2340	-0.214908 0.906476
2341	0.268681 0.971345
2342	0.757778 1.10577
2343	-0.0799279 0.87167
2344	0.418854 0.968391
2345	-0.486037 0.957148
2346	-0.0958208 0.882106
2347	0.0711851 0.929993
2348	0.618313 1.06083
2349	-0.797424 5.03013
2350	0.406562 0.997851
2351	-0.902138 0.868681
2352	-0.239031 0.935531
2353	0.406845 0.957982
2354	-0.175694 0.920336
2355	-0.134506 0.904118
2356	-0.406842 0.91216
2357	4.81361 6.2461
2358	0.486618 1.07175
2359	-0.435457 0.957172
2360	-0.00860984 0.939724
2361	-0.757346 0.811042
2362	0.968266 1.16122
2363	0.244506 0.984355
2364	0.0187832 0.955506
2365	-0.316248 0.924744
2366	0.916506 1.2804
2367	-0.0866248 0.938195
2368	0.366568 0.918345
2369	0.528243 1.00244
2370	0.0734912 0.94182
2371	-0.254821 0.861893
2372	0.562609 1.02071
2373	0.36895 0.963004
2374	0.260958 0.957957
2375	0.666804 1.08906
2376	-0.0643998 0.938711
2377	-0.00965941 0.907025
2378	0.733462 1.10115
2379	-0.78759 0.892488
2380	-0.220208 0.90866
2381	0.208702 0.932832
2382	0.619846 0.999991
2383	0.638159 1.06297
2384	0.935428 1.19511
2385	-0.249936 0.929263
2386	0.656396 1.09694
2387	0.29319 0.950078
2388	0.513312 0.958002
2389	0.570577 1.02393
2390	-0.214716 0.920989
2391	0.407419 0.980172
2392	0.496192 1.02919
2393	-0.465074 0.989997
2394	0.422001 1.01343
2395	1.06966 1.28056
2396	0.843939 1.13608
2397	-0.176211 0.98889
2398	0.196954 0.95195
2399	0.310417 0.977152
2400	0.113927 0.925024
2401	0.468541 1.01061
2402	0.454433 1.0053
2403	-0.28396 4.98457
2404	0.404289 1.02201
2405	0.0873846 0.900495
2406	0.664295 1.10719
2407	0.557428 1.02359
2408	0.335868 0.984908
2409	0.00408835 0.938041
2410	0.968639 1.26133
2411	0.518631 1.00952
2412	-0.456823 0.919697
2413	0.0682461 0.934264
2414	0.635017 1.071
2415	-0.19804 0.907353
2416	-0.0134294 0.95191
2417	-0.152505 0.933337
2418	-0.0719601 0.900208
2419	-0.323933 0.919585
2420	0.198388 0.949231
2421	-1.07448 0.900214
2422	-0.365584 0.968527
2423	0.346845 0.972553
2424	-0.584936 0.847276
2425	-0.969694 1.00835
2426	0.576105 1.08656
2427	0.885805 1.2544
2428	0.34072 0.944303
2429	0.661157 1.10855
2430	0.30479 0.955689
2431	0.964385 1.1509
2432	-0.221901 0.913646
2433	-0.3345 0.90508
2434	-0.799728 0.966114
2435	0.941526 1.29011
2436	-0.38792 0.981495
2437	-0.837459 0.985201
2438	0.0892655 5.05331
2439	-0.314656 0.934676
2440	-0.0511623 0.954076
2441	-0.0100959 0.910946
2442	0.0214328 0.915959
2443	-1.10391 0.926244
2444	0.702907 1.05941
2445	0.0452673 0.92836
2446	0.529277 0.982379
2447	-0.509126 0.967983
2448	0.674344 1.07662
2449	0.783674 1.11217
2450	0.0801846 0.857271
2451	-0.490954 0.951536
2452	-0.145899 0.94517
2453	-1.04787 0.937706
2454	-0.18476 0.948678
2455	0.0794887 0.915242
2456	-0.679722 0.926786
2457	-0.324658 5.19632
2458	-0.262275 0.912634
2459	-0.841835 0.819797
2460	-0.0484914 0.891284
2461	0.842324 1.19561
2462	0.574969 1.01659
2463	0.333695 0.985096
2464	0.171896 0.927192
2465	0.516239 1.0156
2466	-0.291859 0.92767
2467	0.731608 1.10037
2468	0.555543 1.01005
2469	1.03724 5.79829
2470	-0.0417873 0.940219
2471	-0.443496 0.985817
2472	0.0981572 0.922085
2473	0.501195 1.00929
2474	0.0277823 0.895556
2475	-0.286186 0.946935
2476	0.359877 0.967104
2477	0.865162 1.24904
2478	-0.199455 0.927618
2479	-0.336373 0.977131
2480	0.896686 1.13994
2481	-0.00366524 0.916299
2482	0.0967854 0.930119
2483	0.242828 0.914302
2484	0.586522 1.05268
2485	0.116259 0.956406
2486	-0.33721 0.977338
2487	0.175749 0.925037
2488	-0.565166 0.903951
2489	0.926271 1.11913
2490	0.823218 1.14547
2491	0.49722 1.02318
2492	0.950433 1.29786
2493	-0.507504 0.982369
2494	0.0540266 0.96217
