0	0.0619565 1.12691
1	-0.0644869 1.03811
2	-0.201978 0.98284
3	-2.91385 3.40625
4	0.063905 1.14631
5	-0.946611 0.695158
6	0.176982 1.16667
7	-3.31488 3.67988
8	-1.76119 0.780828
9	-1.94709 0.83257
10	-1.59313 0.734687
11	-2.40235 4.02049
12	-0.143826 1.00932
13	-1.10786 0.659268
14	-0.922402 0.585791
15	0.296036 1.31
16	-0.152894 1.01899
17	-1.2056 0.592015
18	-0.639009 0.769221
19	-0.414951 0.804355
20	0.0526847 1.04941
21	-0.325709 0.882461
22	-0.0215508 1.0317
23	-0.13725 1.02786
24	-0.660635 0.653334
25	-0.198715 0.977548
26	-0.219565 0.952076
27	-2.30781 0.921799
28	-0.0515767 1.07162
29	-2.46597 4.05244
30	-0.344338 0.759576
31	-0.414533 0.838086
32	0.323721 1.24204
33	-2.95821 3.69761
34	-0.307792 0.903507
35	-0.348437 0.897721
36	-1.33702 0.678485
37	-1.91926 0.781251
38	-0.528228 0.749985
39	-0.482246 0.810251
40	-2.10523 0.889407
41	-0.242799 0.944044
42	0.448399 1.45404
43	-0.124327 1.00426
44	-0.677111 0.754995
45	-0.011955 0.925382
46	-0.868746 0.676954
47	-0.29217 0.906882
48	-0.918421 0.680063
49	-0.0336968 1.07015
50	-0.583583 0.778319
51	0.297312 1.26477
52	0.702024 1.66815
53	-0.194951 0.813126
54	-0.146304 1.00381
55	-3.2733 0.94413
56	-0.0179096 1.05832
57	-1.01025 0.714687
58	-1.12108 0.632265
59	-0.137332 0.998917
60	0.210614 1.25291
61	-0.53133 0.797162
62	0.333987 1.31788
63	-0.098772 1.00433
64	-0.081944 0.972529
65	-0.0895444 0.883512
66	0.563196 1.55812
67	-0.405595 0.874961
68	0.622246 1.57606
69	-0.366984 0.81036
70	-0.0821885 0.811313
71	-0.834022 0.715185
72	0.695852 1.65053
73	-2.76947 3.67947
74	0.169878 1.21928
75	-0.0673149 1.05254
76	0.281959 1.29648
77	-1.81137 0.765949
78	-0.31342 0.897402
79	-0.0712166 1.0545
80	0.0413537 1.13791
81	-0.229144 0.949986
82	-0.242029 0.958702
83	-0.508279 0.697522
84	-1.19951 0.700581
85	0.0938989 1.16861
86	-0.148347 0.974592
87	-0.23668 0.896255
88	0.251628 1.28283
89	-0.100233 1.03393
90	0.297089 1.31888
91	-0.0701582 0.9614
92	-0.0979418 1.04188
93	0.312835 1.33351
94	-0.129038 0.915208
95	0.717119 1.66217
96	-0.913974 0.691388
97	-1.5456 0.735767
98	-0.270269 0.939311
99	-0.240959 0.932884
100	-0.352362 0.699231
101	-0.38986 0.865308
102	-0.490853 0.808458
103	-1.02733 0.662199
104	-0.750518 0.706107
105	0.470266 1.47276
106	0.248473 1.27986
107	-0.851373 0.709677
108	-0.431517 0.717614
109	-0.643333 0.630558
110	-0.170482 0.988626
111	-0.0548383 1.05707
112	-0.0361425 1.08331
113	-0.169259 0.993844
114	-0.867695 0.653636
115	0.671251 1.67051
116	0.10133 0.997945
117	0.416021 1.38496
118	-0.629641 0.665177
119	-1.81586 0.816114
120	-2.84448 3.75187
121	0.132737 1.19284
122	-0.800876 0.743788
123	-0.0317789 1.08731
124	-0.972212 0.649965
125	-0.200329 0.987509
126	-4.19234 1.71411
127	-0.104577 1.04118
128	-5.15656 2.16298
129	-2.44061 4.12717
130	0.286994 1.32366
131	-0.0401898 1.06835
132	0.0713404 1.12313
133	-0.246474 0.808456
134	-0.100591 0.914217
135	1.20528 2.31668
136	-3.1142 3.70525
137	0.570931 1.38587
138	-0.959038 0.671103
139	-0.640301 0.740186
140	-0.762263 0.723213
141	0.617315 1.54286
142	0.0155252 1.115
143	1.2238 2.34865
144	0.355392 1.20594
145	0.481377 1.36211
146	-0.16995 0.992544
147	-1.66343 0.779286
148	-6.16205 2.73261
149	0.30873 1.13581
150	0.435768 1.39722
151	-0.10927 1.04722
152	-0.26911 0.927525
153	0.0770343 1.15226
154	-0.712827 0.739964
155	-0.268421 0.854012
156	-0.454164 0.838088
157	-0.0427177 1.0803
158	0.259494 1.28028
159	0.133263 1.13622
160	-6.47079 2.87101
161	-0.0499734 1.05766
162	0.163783 1.21052
163	0.718195 1.70562
164	-6.44275 2.85855
165	-3.11743 3.66881
166	0.296467 1.31627
167	-0.272495 0.934031
168	-0.467811 0.822193
169	0.338561 1.29092
170	-0.288757 0.892205
171	-0.435906 0.742979
172	0.0618451 1.05631
173	-0.889246 0.627646
174	-0.0674944 1.00152
175	-0.965594 0.697878
176	-0.48677 0.771286
177	-0.525944 0.678486
178	-0.273199 0.83547
179	-0.0649786 0.912048
180	-0.940526 0.714953
181	-0.44513 0.807182
182	0.039023 1.05529
183	-0.24961 0.874636
184	0.0670138 1.14371
185	-0.656273 0.691603
186	0.40589 1.13728
187	0.0908322 1.1737
188	-0.00850538 1.07004
189	-0.155577 1.00035
190	-0.0800829 1.05677
191	-0.266324 0.951965
192	-0.308854 0.827933
193	-0.359664 0.870939
194	-0.16202 0.97231
195	0.119566 1.08232
196	-0.082569 0.965149
197	0.475799 1.49494
198	-5.85007 2.46322
199	-0.107496 1.00647
200	-0.0783346 1.04804
201	0.0787361 1.09422
202	-0.378077 0.79345
203	-0.177615 0.968844
204	0.231467 1.22644
205	0.580798 1.54475
206	-0.156009 1.01016
207	-0.0777602 1.05583
208	-1.00733 0.672219
209	0.388763 1.09034
210	-0.113726 1.02023
211	-0.264802 0.933597
212	0.0193366 1.08241
213	-0.0788579 1.06931
214	-0.257863 0.94095
215	-1.28341 0.686426
216	-0.313451 0.871841
217	0.0484977 1.13058
218	-0.170126 1.01149
219	-0.256539 0.948649
220	-0.9688 0.648429
221	-0.650007 0.666641
222	-0.33597 0.82199
223	-0.258803 0.9518
224	0.188208 1.24644
225	0.017153 1.10339
226	-0.107363 1.04219
227	-0.236832 0.930969
228	-0.963557 0.675343
229	-0.670847 0.622015
230	1.26496 2.40478
231	-0.408036 0.865535
232	0.713436 1.66711
233	0.0783681 1.15694
234	-0.353914 0.700562
235	-0.441825 0.748339
236	0.764242 1.74714
237	0.666187 1.51253
238	-0.223798 0.971085
239	0.482138 1.40919
240	0.555327 1.50149
241	-0.338222 0.88782
242	-0.173814 0.883623
243	-0.218067 0.943814
244	-0.927923 0.690388
245	1.25189 2.41733
246	0.000453844 1.0845
247	-0.162026 1.00684
248	-0.0596887 1.05872
249	-0.754837 0.667978
250	0.342484 1.35022
251	-0.381243 0.869683
252	-0.21282 0.897746
253	-0.0707414 1.02877
254	0.567451 1.54489
255	-0.51535 0.734083
256	0.647376 1.59877
257	-4.32806 1.68905
258	-0.470033 0.651774
259	0.732212 1.72539
260	-2.40168 4.65753
261	-0.827687 0.728516
262	-0.536286 0.699308
263	-0.123116 1.02175
264	-0.312523 0.89099
265	-0.696629 0.754649
266	-1.06305 0.66172
267	-0.604822 0.673972
268	-0.0592665 1.05278
269	-0.0790751 1.03737
270	-1.22586 0.672285
271	-3.87727 3.62493
272	0.558485 1.54492
273	-2.04147 0.856774
274	0.0578234 1.13814
275	0.603241 1.58501
276	-0.840961 0.712456
277	-1.46586 0.714177
278	-0.666476 0.7513
279	-0.107035 1.01942
280	-0.252496 0.939546
281	-0.0448803 1.09161
282	-0.99718 0.684068
283	-0.503901 0.795006
284	0.068172 1.0755
285	-0.149035 1.01778
286	-5.57468 2.34698
287	-0.551757 0.697759
288	-0.330856 0.895639
289	-0.892617 0.700835
290	-1.87018 0.806981
291	-0.381099 0.80933
292	-0.46999 0.7159
293	1.38457 2.61497
294	-0.712222 0.624609
295	-2.34448 0.880829
296	-0.136384 1.01127
297	-0.835362 0.68428
298	-1.15051 0.713299
299	-0.090459 1.05316
300	0.595701 1.57464
301	-0.330075 0.868772
302	-0.281447 0.876286
303	-0.643107 0.741494
304	-1.28238 0.630552
305	-0.144742 1.01975
306	0.534682 1.47615
307	-0.210486 0.929079
308	-0.444379 0.84545
309	-2.01206 0.757098
310	-0.148094 1.01555
311	0.424511 1.42614
312	-0.21304 0.961746
313	-0.352056 0.88261
314	0.0515396 1.14081
315	0.448321 1.44372
316	-0.299787 0.908606
317	-0.718083 0.705663
318	-2.82962 3.76077
319	0.712471 1.69952
320	-0.957818 0.692809
321	-0.299462 0.881086
322	0.248855 1.24948
323	-0.974197 0.666501
324	-2.41252 0.951615
325	-0.626507 0.735696
326	-2.21438 0.923755
327	-0.838439 0.622913
328	-2.93584 3.70978
329	-1.14619 0.680458
330	0.35963 1.36607
331	0.722293 1.7198
332	-0.285649 0.910854
333	-0.0590877 1.08053
334	0.346003 1.36457
335	0.00283497 1.09928
336	0.600164 1.54335
337	-0.177864 0.960163
338	-0.768554 0.605257
339	-0.311649 0.919425
340	-1.13845 0.727014
341	-0.203995 0.920773
342	-0.337004 0.809619
343	-2.85372 1.18526
344	0.295659 1.33312
345	-0.100784 1.0423
346	-0.184911 1.00357
347	-0.157296 0.964675
348	-0.199922 0.984584
349	-0.871823 0.682004
350	-2.3311 0.946349
351	0.546136 1.48827
352	-0.0782427 1.05328
353	-2.40371 4.31276
354	-0.408195 0.634858
355	0.0966517 1.16839
356	-2.22571 0.907027
357	0.543877 1.47648
358	-0.208877 0.949525
359	-0.0925452 0.913107
360	1.40082 2.63726
361	0.820144 1.78779
362	-2.08568 0.916982
363	-2.85885 3.74294
364	-2.11168 0.962969
365	-0.272158 0.925516
366	-0.126825 1.02588
367	-0.769326 0.686306
368	-2.40848 4.21703
369	-2.20633 0.893418
370	-0.654047 0.735756
371	0.676631 1.64911
372	-2.43724 4.18122
373	0.730344 1.70731
374	0.565714 1.57645
375	-0.0800171 1.04309
376	-0.566867 0.757999
377	-1.20211 0.666682
378	-0.729273 0.749873
379	-0.987234 0.644959
380	-0.204128 0.829677
381	-2.41578 4.63806
382	-0.178701 0.998084
383	-0.507395 0.820406
384	0.169785 1.10354
385	-2.97168 1.17891
386	-1.26904 0.643875
387	0.324081 1.29675
388	-0.233076 0.875044
389	0.10682 1.18213
390	0.38604 1.39166
391	-6.55322 2.91562
392	-0.0289437 1.08083
393	-0.54172 0.751818
394	-0.510397 0.829626
395	0.0422864 1.04576
396	-0.977056 0.630696
397	-1.18789 0.677492
398	-0.137132 1.01081
399	-0.977046 0.690491
400	-0.171167 0.996017
401	-0.185818 0.971467
402	-0.557578 0.773792
403	-0.1297 0.753946
404	0.345422 1.29679
405	-0.0603892 1.07639
406	-0.473972 0.80621
407	-0.32175 0.907243
408	-1.89004 0.820183
409	-2.3915 4.00747
410	-6.37172 2.80822
411	-0.611406 0.744704
412	-0.104616 1.04454
413	-0.160222 1.0027
414	-1.79538 0.80617
415	-0.516547 0.836033
416	-1.19388 0.69481
417	0.372779 1.34508
418	-0.908978 0.675645
419	-0.173962 0.999198
420	-0.684799 0.721155
421	-2.79465 1.09893
422	1.14624 2.23228
423	0.0142481 0.993668
424	-0.141 0.897682
425	-0.0188696 0.984416
426	-0.271991 0.869446
427	0.139399 1.20316
428	-5.94829 2.5328
429	-0.0154408 1.09628
430	-1.30173 0.685118
431	-5.21687 2.27687
432	-0.158584 0.966554
433	-6.4701 2.87943
434	-1.39884 0.700592
435	-1.98741 0.821801
436	-0.204775 0.943789
437	-0.313241 0.909267
438	0.009954 1.08936
439	-0.85876 0.689686
440	-0.336712 0.846857
441	-0.211331 0.976098
442	0.520394 1.52154
443	-1.01708 0.691374
444	-0.307002 0.919924
445	0.189213 1.21276
446	-0.15539 0.997074
447	-2.00471 0.869301
448	-0.774108 0.676136
449	-0.205433 0.971168
450	-0.632788 0.694076
451	-0.649238 0.749736
452	-0.487265 0.748067
453	-0.204732 0.91256
454	-0.479645 0.738305
455	0.102091 1.18394
456	0.577938 1.51935
457	0.0572173 1.12801
458	0.371196 1.3804
459	0.537253 1.53753
460	-0.10516 0.962427
461	-0.153572 0.982155
462	-0.177342 0.996156
463	-2.58215 3.78279
464	0.0299982 1.12496
465	-1.20053 0.672603
466	-0.157832 0.826183
467	-1.38071 0.705105
468	7.87025e-06 0.88769
469	-0.480256 0.814425
470	-0.981871 0.716166
471	-0.588832 0.737128
472	0.00095189 1.11054
473	-0.424032 0.842977
474	-0.727042 0.67049
475	1.34697 2.53443
476	-1.122 0.649156
477	-0.918108 0.652893
478	0.0819689 1.14863
479	-0.134188 0.983622
480	-0.322156 0.75847
481	-0.087927 0.879677
482	0.541969 1.36554
483	-0.565457 0.775501
484	-0.90562 0.684884
485	-3.02279 3.59831
486	-0.0978983 1.0323
487	-0.0152984 1.09357
488	-0.372825 0.89075
489	0.0839747 1.15145
490	-0.0951629 1.05264
491	-0.103068 1.02839
492	-0.152546 0.995298
493	-0.154272 0.915961
494	-0.501053 0.786808
495	-0.169863 1.00815
496	-0.0155278 0.887118
497	-0.103876 0.965288
498	0.00714334 1.10472
499	0.0896536 1.11459
500	0.436623 1.44153
501	-0.769729 0.708704
502	0.227769 1.26771
503	0.641761 1.58156
504	-1.06564 0.686353
505	-5.85849 2.49411
506	-0.144257 1.01847
507	0.694983 1.67714
508	-0.185235 0.97126
509	0.168501 1.1631
510	-0.279217 0.939395
511	-0.293316 0.898037
512	-0.894076 0.687885
513	-0.325664 0.909244
514	-0.262564 0.935363
515	-0.0716097 1.06475
516	0.621812 1.53698
517	-0.258799 0.871096
518	-0.499286 0.78701
519	-0.73389 0.751602
520	-0.117304 1.03407
521	0.574125 1.52416
522	-0.263708 0.933687
523	-1.00935 0.673263
524	-0.938097 0.677281
525	-0.985026 0.698527
526	0.496714 1.47669
527	0.0230639 1.12336
528	0.0438275 1.13029
529	0.00439913 1.06237
530	-0.965176 0.631015
531	-0.00193482 1.10237
532	-0.0430329 1.07548
533	-0.99067 0.662201
534	0.553473 1.53258
535	0.6353 1.63266
536	0.806006 1.81845
537	-0.33827 0.702389
538	0.637833 1.6312
539	-0.186063 0.997897
540	0.0106582 1.10989
541	0.211261 1.25345
542	-6.34515 2.80236
543	0.222015 1.15352
544	-0.449842 0.848239
545	0.564076 1.56015
546	-0.0413178 1.06731
547	-0.794896 0.686488
548	-2.03686 0.858044
549	-0.00203085 1.10234
550	0.0548602 1.05193
551	0.752674 1.76798
552	-0.0711729 1.05348
553	0.263284 1.29374
554	-0.0524341 1.00389
555	-1.05563 0.669944
556	-2.36179 4.05307
557	-0.362905 0.857088
558	0.409502 1.41348
559	-0.161083 1.01386
560	-0.279605 0.844954
561	-0.311422 0.823147
562	0.0461319 1.1506
563	-0.016069 1.07057
564	-0.840561 0.687941
565	-0.28244 0.919495
566	-2.36749 0.964802
567	-0.159968 1.00378
568	-0.113182 1.01525
569	-2.42952 0.897059
570	0.62413 1.54351
571	-0.354447 0.905233
572	-0.240357 0.960586
573	-0.209184 0.975314
574	-0.0502183 1.06641
575	-0.318547 0.889462
576	-0.293034 0.881182
577	-1.00395 0.711817
578	-0.214428 0.95036
579	-0.198772 0.833989
580	-0.994659 0.682841
581	-0.0903392 0.990882
582	0.0353107 1.13737
583	-1.00523 0.642661
584	-0.730971 0.677197
585	-0.768874 0.704065
586	-1.09726 0.6556
587	-0.367816 0.864476
588	-0.399058 0.82981
589	-2.46872 3.98174
590	-0.809304 0.682457
591	-0.79745 0.741322
592	0.536925 1.5377
593	-0.757085 0.697694
594	-0.157751 0.90261
595	-0.264488 0.928222
596	0.00533285 1.09356
597	1.24372 2.35345
598	-0.688849 0.721986
599	-0.969035 0.688839
600	-2.63681 1.05785
601	0.554107 1.54915
602	-0.355344 0.869108
603	-0.0244851 1.03845
604	0.00675854 1.10169
605	-0.167874 0.9823
606	0.525557 1.53615
607	-0.243208 0.959297
608	0.0441636 1.13206
609	0.255594 1.29504
610	-0.490969 0.793186
611	-0.406604 0.820051
612	-4.24967 3.89756
613	-0.0438509 1.06578
614	-0.472895 0.692031
615	0.715286 1.60881
616	-0.449878 0.726357
617	-1.22083 0.68237
618	-1.26994 0.6879
619	-0.556993 0.726825
620	-0.147675 0.971753
621	-0.632908 0.772557
622	0.0579451 1.15161
623	-1.37535 0.705084
624	-0.483238 0.714656
625	-0.323289 0.910962
626	-2.75912 1.09518
627	-0.776041 0.636304
628	-0.286474 0.802661
629	-0.317929 0.932829
630	0.346529 1.36364
631	-0.313752 0.918392
632	-0.138152 0.988665
633	0.434222 1.4381
634	-1.0178 0.670912
635	-1.64413 0.751105
636	-0.608679 0.728116
637	-0.226318 0.791794
638	0.639107 1.62219
639	0.396206 1.40289
640	0.639128 1.58916
641	0.0629651 1.13821
642	-0.70624 0.596555
643	-0.832625 0.699403
644	-0.103128 0.989575
645	1.32998 2.5111
646	-0.772264 0.70934
647	0.395778 1.3565
648	-0.690794 0.674823
649	-0.416011 0.836412
650	-0.302639 0.922395
651	-0.297422 0.927992
652	-0.954511 0.708812
653	-0.594839 0.762003
654	-0.223865 0.867687
655	-0.431973 0.806141
656	-0.450252 0.845221
657	-0.545816 0.601474
658	-0.839308 0.700212
659	-0.164843 1.00319
660	-0.103828 1.03784
661	-1.80658 0.764091
662	-0.978573 0.686011
663	-0.394647 0.840352
664	0.507047 1.41977
665	0.406031 1.3498
666	-0.227397 0.954265
667	-0.0174459 1.10001
668	0.0244023 1.11971
669	0.124001 1.0842
670	-0.132536 1.0256
671	-0.385755 0.815554
672	-0.265114 0.945974
673	-1.10857 0.627084
674	-0.36889 0.88705
675	-0.333973 0.893103
676	-0.00138873 1.09747
677	-0.226762 0.975359
678	-0.116826 1.03478
679	-0.706367 0.713435
680	-0.0702715 1.06867
681	-0.407072 0.839901
682	-0.469698 0.732757
683	-3.11825 3.6771
684	-1.63918 0.771783
685	-0.224221 0.884178
686	0.528173 1.4408
687	0.261858 1.25323
688	0.631524 1.58486
689	-0.862665 0.707219
690	0.0198217 1.094
691	-2.97392 3.67184
692	-0.479469 0.806826
693	-0.252835 0.945302
694	0.0438832 1.1227
695	-0.00177726 1.10987
696	-3.1928 1.25016
697	0.805117 1.77705
698	-0.0724921 0.961855
699	-0.772482 0.604355
700	-1.87742 0.828884
701	-0.676936 0.754598
702	-0.195542 0.986996
703	-0.422338 0.848941
704	-0.84556 0.640193
705	-6.45121 2.88652
706	-0.0812412 0.958558
707	-1.89591 0.805028
708	0.542606 1.54007
709	0.396362 1.40106
710	0.560677 1.49626
711	-0.925513 0.634991
712	-0.116178 1.01757
713	0.406848 1.34413
714	0.132521 1.06338
715	-0.0402184 0.896623
716	-3.27778 3.87202
717	-0.0145407 1.08651
718	-0.289003 0.727749
719	0.159175 1.20071
720	0.55305 1.54503
721	-0.18614 0.992081
722	-0.240535 0.964524
723	0.138688 1.20401
724	-0.467997 0.762613
725	-0.219946 0.9462
726	0.0520069 1.13421
727	0.394557 1.38813
728	-1.19181 0.676775
729	-0.108178 1.00178
730	0.441874 1.39939
731	0.551328 1.49045
732	-0.435586 0.847481
733	0.00657383 1.10493
734	0.407743 1.35682
735	-0.287292 0.811068
736	-0.056692 1.06858
737	-0.074667 1.03269
738	-0.124888 1.02985
739	-5.85811 2.48019
740	-0.102458 0.918759
741	-6.42475 2.85245
742	-0.838042 0.682155
743	-0.0915374 0.964985
744	-1.00882 0.647355
745	0.0266036 1.11741
746	-0.844299 0.690923
747	-0.727617 0.714967
748	-0.208278 0.968086
749	-0.531715 0.80014
750	-5.78526 2.43466
751	-0.380595 0.822148
752	-0.910975 0.698846
753	0.29045 1.27671
754	-0.242973 0.957402
755	-0.703028 0.723979
756	0.548387 1.53308
757	-0.351575 0.867002
758	-0.251223 0.873723
759	-2.66404 3.75366
760	-0.222498 0.946524
761	-0.319912 0.922229
762	0.202096 1.25678
763	0.102463 1.16638
764	0.231706 1.25268
765	-2.43282 0.98626
766	-2.25399 0.917081
767	1.29074 2.46511
768	0.440366 1.33764
769	-0.281359 0.926006
770	-2.87363 3.73325
771	-0.915176 0.683467
772	-0.390867 0.863583
773	-0.175566 0.986492
774	-2.9693 3.6659
775	-0.586698 0.780654
776	-0.278705 0.926791
777	0.638862 1.61774
778	-2.40574 4.23956
779	0.0288209 1.06499
780	-0.0711148 1.03428
781	-5.45283 2.26564
782	-0.265024 0.727464
783	-1.09678 0.664162
784	-0.0507876 1.03737
785	-0.56397 0.797742
786	-0.231313 0.953107
787	-0.334128 0.901321
788	-3.92058 1.56911
789	-0.148404 0.902837
790	-0.0849157 1.05512
791	-0.40176 0.839174
792	-0.326101 0.914299
793	-0.994662 0.577123
794	0.45913 1.33393
795	-0.0797371 1.00056
796	0.0356142 1.13392
797	-0.209336 0.930439
798	-2.44788 1.04167
799	-0.435326 0.667474
800	-0.0186128 1.0735
801	-0.124493 0.903079
802	0.603204 1.55089
803	0.0631474 1.03752
804	-0.302942 0.637893
805	-3.40719 3.58976
806	-2.46075 1.0011
807	-0.901646 0.687371
808	0.508998 1.43153
809	-1.03742 0.683435
810	-0.448023 0.800155
811	-2.86453 3.5316
812	-0.318634 0.910987
813	-0.603389 0.605288
814	-0.135063 1.00661
815	-0.288423 0.935301
816	-1.49123 0.77613
817	-0.175539 0.99328
818	0.31516 1.25956
819	-0.632303 0.730948
820	-0.413021 0.836205
821	0.00971022 1.04831
822	-0.924045 0.691159
823	0.500673 1.36326
824	-0.154287 0.99184
825	0.131363 1.18932
826	-0.55654 0.756262
827	-0.370469 0.84258
828	0.411995 1.27187
829	-0.336084 0.896795
830	-0.168352 0.855589
831	0.0112446 1.04918
832	-0.569165 0.772497
833	-1.38359 0.68965
834	-1.9533 0.790993
835	0.209487 1.23848
836	-0.269938 0.953221
837	-0.17547 0.874702
838	-0.461866 0.659824
839	0.045863 1.11232
840	0.0955197 1.16226
841	-0.738459 0.696805
842	-0.66277 0.70843
843	-0.683202 0.728782
844	-0.47197 0.827194
845	-0.783163 0.665273
846	-2.23255 0.957441
847	-0.209056 0.959088
848	-0.268616 0.838778
849	-2.74113 3.73819
850	0.0978427 1.10318
851	0.323453 1.29354
852	0.412239 1.38204
853	-0.208822 0.978929
854	0.0173538 1.11559
855	0.433141 1.43992
856	0.0705404 1.14362
857	1.3056 2.4885
858	-0.0436713 1.06488
859	-1.08764 0.703972
860	0.0175894 1.11205
861	-0.541197 0.674936
862	-0.686071 0.609908
863	0.048847 1.12855
864	0.40149 1.38119
865	-0.117765 1.03023
866	-2.53257 1.01048
867	-0.339186 0.900951
868	-0.312567 0.902554
869	0.735967 1.72192
870	0.0671654 1.09341
871	-0.69484 0.744322
872	1.12022 2.18426
873	-0.390643 0.723022
874	-1.10752 0.674878
875	0.436819 1.45322
876	-6.41742 2.85853
877	-0.236116 0.824414
878	-0.824789 0.660638
879	-1.8766 0.811006
880	0.134366 1.14679
881	-0.88078 0.717932
882	0.350112 1.2875
883	-6.62125 2.95901
884	0.577181 1.515
885	-0.59986 0.730599
886	0.134539 1.20221
887	-0.887411 0.728074
888	-1.76863 0.799425
889	0.0395462 1.13288
890	0.373352 1.38353
891	0.039382 1.13709
892	-0.164685 0.990698
893	-6.2033 2.74596
894	-6.34827 2.83335
895	-3.18691 3.586
896	0.758858 1.72556
897	0.518959 1.51333
898	-0.0852728 1.0414
899	-0.718623 0.70735
900	-0.717881 0.725342
901	-1.08291 0.588562
902	-0.0894263 1.059
903	-0.3755 0.88696
904	-0.942877 0.608321
905	-0.26065 0.926311
906	-0.471447 0.790026
907	-0.47975 0.824702
908	-0.784755 0.711996
909	-0.705457 0.737679
910	-0.597578 0.76878
911	-1.38123 0.683604
912	-5.9203 2.62434
913	-0.0571959 1.06564
914	-0.771992 0.695137
915	-0.0408322 1.02857
916	-0.214813 0.975335
917	-0.211409 0.963477
918	-0.489421 0.645676
919	-0.16891 1.01453
920	-0.0132908 1.03714
921	-0.140824 0.992478
922	-0.112015 1.01367
923	0.504063 1.41796
924	-0.472897 0.758747
925	-0.811376 0.638287
926	-2.97397 3.73323
927	-0.115778 1.03763
928	-0.157781 0.998394
929	-0.202712 0.875561
930	-0.948414 0.695601
931	0.569008 1.57803
932	-0.442594 0.874453
933	0.0439028 1.07174
934	-1.09741 0.678337
935	-5.6844 2.40514
936	-1.47141 0.713497
937	-0.21011 0.926727
938	-5.34568 2.24116
939	0.0222843 1.12662
940	0.701505 1.6987
941	-2.32084 0.911069
942	-0.123619 1.02917
943	-0.42657 0.821203
944	-1.07626 0.56768
945	-0.141355 1.01645
946	-0.178197 0.998588
947	-0.0472478 1.07239
948	-1.05126 0.670699
949	-0.168491 0.989252
950	-0.584726 0.727213
951	-0.555392 0.787291
952	-0.317631 0.885115
953	-0.00298334 0.903846
954	0.777948 1.76518
955	0.381573 1.19799
956	0.646357 1.64051
957	-0.504775 0.747348
958	-0.299946 0.833135
959	-1.13431 0.674857
960	0.664345 1.65827
961	-4.42607 1.73851
962	-0.061546 0.950842
963	0.301753 1.18488
964	-0.934518 0.689884
965	0.461548 1.46019
966	-1.78112 0.802326
967	-1.78274 0.802157
968	0.218589 1.18541
969	-0.058505 1.04079
970	-1.6116 0.762389
971	-1.21295 0.684413
972	-0.384057 0.781121
973	-2.38372 4.0012
974	-0.751254 0.707652
975	-0.42669 0.771792
976	-1.68284 0.740536
977	0.12463 1.11349
978	-6.38946 2.82051
979	-0.409313 0.857879
980	-0.98754 0.564949
981	0.166715 1.14537
982	0.264439 1.28008
983	0.358587 1.35475
984	-1.90618 0.78095
985	-0.460062 0.770899
986	-0.397408 0.737879
987	0.0858695 1.08512
988	-0.243518 0.958028
989	-0.103373 1.04672
990	-3.16726 1.28465
991	0.494691 1.29002
992	-0.309929 0.802772
993	-0.343589 0.791027
994	-0.488068 0.695363
995	-0.107246 1.042
996	-2.42405 4.29728
997	-0.845544 0.690289
998	-0.0389791 1.06002
999	0.0581482 1.14239
1000	0.696577 1.70402
1001	-0.0856943 1.05382
1002	-0.587204 0.635037
1003	0.0207069 1.10192
1004	-0.0599643 1.05258
1005	0.569789 1.44856
1006	-4.25172 1.67261
1007	0.0064216 1.10599
1008	-0.0969335 1.02749
1009	-1.8412 0.821971
1010	-0.285865 0.928276
1011	-0.31447 0.894066
1012	0.44842 1.43539
1013	-3.89945 3.59325
1014	0.1753 1.14503
1015	-0.0585161 1.07019
