0	1
1	3
2	1
3	3
4	1
5	3
6	2
7	2
8	4
9	1
10	4
11	2
12	4
13	1
14	2
15	4
16	1
17	4
18	2
19	4
20	2
21	3
22	3
23	1
24	2
25	2
26	1
27	1
28	3
29	2
30	3
31	3
32	3
33	4
34	4
35	3
36	2
37	2
38	3
39	2
40	4
41	3
42	3
43	1
44	3
45	1
46	4
47	3
48	1
49	4
50	4
51	4
52	3
53	3
54	3
55	1
56	4
57	3
58	2
59	4
60	3
61	2
62	1
63	3
64	2
65	2
66	3
67	3
68	3
69	1
70	1
71	3
72	2
73	4
74	2
75	4
76	2
77	1
78	2
79	1
80	3
81	2
82	4
83	1
84	2
85	4
86	3
87	1
88	3
89	3
90	4
91	3
92	4
93	2
94	4
95	2
96	2
97	2
98	4
99	2
100	1
101	3
102	4
103	3
104	2
105	1
106	1
107	1
108	2
109	4
110	2
111	3
112	1
113	4
114	4
115	4
116	3
117	1
118	1
119	2
120	2
121	3
122	2
123	2
124	1
125	2
126	4
127	4
128	1
129	4
130	3
131	2
132	3
133	3
134	1
135	2
136	4
137	1
138	4
139	3
140	3
141	4
142	3
143	3
144	2
145	2
146	1
147	1
148	3
149	4
150	3
151	2
152	3
153	3
154	2
155	3
156	3
157	2
158	4
159	2
160	3
161	3
162	2
163	1
164	2
165	4
166	4
167	2
168	1
169	2
170	1
171	3
172	3
173	3
174	4
175	3
176	4
177	4
178	3
179	4
180	4
181	4
182	2
183	3
184	4
185	2
186	3
187	3
188	3
189	2
190	1
191	3
192	2
193	2
194	2
195	4
196	1
197	2
198	1
199	3
200	4
201	1
202	1
203	2
204	1
205	3
206	3
207	1
208	2
209	4
210	1
211	2
212	2
213	1
214	1
215	3
216	3
217	4
218	4
219	1
220	4
221	4
222	2
223	1
224	1
225	4
226	1
227	4
228	4
229	4
230	4
231	1
232	4
233	1
234	4
235	4
236	2
237	4
238	3
239	2
240	1
241	1
242	2
243	4
244	4
245	2
246	3
247	2
248	2
249	4
250	1
251	2
252	4
253	2
254	2
255	2
256	2
257	3
258	1
259	3
260	2
261	3
262	1
263	1
264	3
265	3
266	1
267	4
268	1
269	4
270	3
271	4
272	2
273	2
274	1
275	2
276	2
277	4
278	4
279	2
280	2
281	3
282	1
283	1
284	4
285	4
286	3
287	2
288	4
289	4
290	2
291	2
292	2
293	4
294	4
295	1
296	3
297	2
298	1
299	4
300	3
301	4
302	4
303	2
304	4
305	1
306	2
307	1
308	2
309	2
310	3
311	3
312	2
313	1
314	4
315	2
316	2
317	1
318	3
319	3
320	3
321	3
322	1
323	4
324	1
325	4
326	3
327	2
328	4
329	4
330	1
331	4
332	1
333	1
334	4
335	4
336	3
337	4
338	2
339	3
340	3
341	2
342	4
343	4
344	4
345	1
346	2
347	1
348	3
349	3
350	4
351	4
352	3
353	3
354	2
355	3
356	3
357	3
358	4
359	1
360	1
361	3
362	2
363	4
364	4
365	4
366	4
367	1
368	1
369	3
370	4
371	1
372	2
373	1
374	3
375	1
376	3
377	2
378	2
379	2
380	4
381	2
382	1
383	3
384	1
385	1
386	2
387	3
388	3
389	1
390	1
391	1
392	2
393	2
394	4
395	1
396	1
397	3
398	1
399	1
400	3
401	4
402	2
403	3
404	2
405	4
406	1
407	1
408	4
409	4
410	2
411	3
412	1
413	4
414	4
415	3
416	2
417	2
418	1
419	2
420	4
421	2
422	4
423	2
424	1
425	3
426	4
427	2
428	2
429	4
430	4
431	3
432	1
433	4
434	4
435	1
436	4
437	3
438	2
439	1
440	3
441	2
442	1
443	1
444	3
445	2
446	3
447	1
448	4
449	4
450	2
451	4
452	1
453	4
454	4
455	4
456	2
457	3
458	3
459	4
460	3
461	2
462	1
463	3
464	4
465	2
466	2
467	1
468	4
469	2
470	4
471	4
472	2
473	1
474	3
475	1
476	4
477	2
478	1
479	3
480	2
481	2
482	3
483	1
484	1
485	3
486	2
487	3
488	4
489	1
490	3
491	3
492	3
493	1
494	3
495	4
496	4
497	3
498	3
499	2
500	1
501	3
502	2
503	2
504	3
505	2
506	3
507	3
508	2
509	2
510	1
511	2
512	3
513	2
514	4
515	1
516	1
517	1
518	1
519	1
520	2
521	1
522	3
523	4
524	4
525	2
526	2
527	3
528	1
529	2
530	1
531	4
532	2
533	4
534	2
535	1
536	2
537	1
538	1
539	1
540	4
541	4
542	3
543	1
544	2
545	3
546	2
547	4
548	2
549	1
550	3
551	1
552	1
553	4
554	3
555	1
556	2
557	4
558	4
559	4
560	4
561	3
562	2
563	1
564	3
565	3
566	3
567	1
568	1
569	2
570	2
571	4
572	4
573	3
574	4
575	1
576	4
577	4
578	2
579	1
580	1
581	3
582	4
583	3
584	3
585	2
586	1
587	1
588	1
589	2
590	1
591	3
592	4
593	3
594	3
595	3
596	2
597	2
598	4
599	4
600	4
601	1
602	1
603	4
604	4
605	1
606	4
607	2
608	2
609	3
610	3
611	1
612	1
613	3
614	2
615	1
616	3
617	3
618	2
619	3
620	3
621	2
622	2
623	4
624	4
625	4
626	2
627	4
628	1
629	3
630	2
631	1
632	3
633	1
634	1
635	1
636	4
637	3
638	4
639	1
640	2
641	4
642	4
643	1
644	3
645	4
646	4
647	1
648	1
649	1
650	4
651	1
652	1
653	3
654	2
655	4
656	3
657	4
658	4
659	1
660	4
661	1
662	3
663	2
664	1
665	2
666	2
667	2
668	3
669	4
670	1
671	1
672	3
673	1
674	2
675	2
676	3
677	1
678	1
679	3
680	3
681	2
682	2
683	4
684	3
685	4
686	3
687	2
688	2
689	4
690	3
691	1
692	3
693	4
694	4
695	1
696	3
697	1
698	2
699	3
700	2
701	2
702	4
703	4
704	1
705	4
706	1
707	1
708	3
709	3
710	3
711	1
712	1
713	2
714	2
715	2
716	1
717	4
718	1
719	2
720	4
721	1
722	3
723	4
724	3
725	3
726	1
727	4
728	3
729	3
730	3
731	3
732	4
733	4
734	3
735	2
736	3
737	2
738	3
739	1
740	3
741	4
742	4
743	3
744	4
745	3
746	1
747	3
748	2
749	3
750	4
751	2
752	4
753	3
754	2
755	3
756	4
757	4
758	4
759	3
760	3
761	1
762	4
763	4
764	4
765	3
766	1
767	4
768	2
769	4
770	1
771	3
772	1
773	1
774	1
775	4
776	1
777	3
778	4
779	4
780	1
781	4
782	4
783	2
784	3
785	1
786	4
787	3
788	1
789	4
790	4
791	2
792	4
793	2
794	1
795	2
796	3
797	3
798	3
799	4
800	3
801	1
802	2
803	4
804	1
805	2
806	2
807	2
808	1
809	1
810	3
811	2
812	4
813	4
814	1
815	2
816	4
817	2
818	4
819	1
820	2
821	3
822	1
823	2
824	2
825	4
826	1
827	4
828	3
829	2
830	2
831	4
832	4
833	4
834	4
835	3
836	3
837	2
838	4
839	4
840	2
841	2
842	4
843	1
844	1
845	1
846	1
847	2
848	1
849	4
850	2
851	3
852	4
853	1
854	3
855	4
856	4
857	4
858	2
859	2
860	2
861	2
862	2
863	3
864	4
865	2
866	4
867	2
868	1
869	1
870	3
871	3
872	4
873	2
874	2
875	3
876	1
877	1
878	3
879	3
880	3
881	3
882	1
883	1
884	2
885	2
886	2
887	4
888	4
889	3
890	3
891	3
892	4
893	4
894	3
895	4
896	1
897	1
898	2
899	3
900	1
901	4
902	1
903	2
904	4
905	2
906	3
907	4
908	1
909	2
910	3
911	1
912	3
913	3
914	1
915	2
916	2
917	3
918	3
919	2
920	1
921	3
922	2
923	3
924	3
925	4
926	1
927	3
928	1
929	1
930	3
931	2
932	3
933	3
934	4
935	4
936	1
937	3
938	4
939	2
940	1
941	4
942	4
943	2
944	1
945	3
946	2
947	2
948	4
949	3
950	4
951	1
952	3
953	4
954	4
955	1
956	1
957	1
958	1
959	4
960	1
961	3
962	2
963	3
964	4
965	1
966	2
967	1
968	1
969	4
970	2
971	4
972	2
973	4
974	1
975	2
976	3
977	4
978	4
979	4
980	4
981	2
982	3
983	4
984	4
985	4
986	2
987	2
988	3
989	2
990	2
991	1
992	4
993	3
994	4
995	4
996	4
997	3
998	1
999	1
1000	1
1001	4
1002	1
1003	1
1004	4
1005	2
1006	3
1007	2
1008	1
1009	1
1010	4
1011	4
1012	1
1013	2
1014	3
1015	4
1016	3
1017	4
1018	2
1019	1
1020	1
1021	3
1022	1
1023	2
1024	4
1025	4
1026	4
1027	2
1028	4
1029	2
1030	2
1031	4
1032	4
1033	4
1034	3
1035	4
1036	1
1037	3
1038	3
1039	2
1040	4
1041	1
1042	2
1043	4
1044	2
1045	3
1046	4
1047	1
1048	3
1049	3
1050	1
1051	3
1052	3
1053	3
1054	1
1055	2
1056	4
1057	2
1058	4
1059	2
