0	-0.191188 -1.12738
1	0.38234 -0.797792
2	-0.00678613 -1.03596
3	0.203478 -0.950583
4	0.862774 -0.793903
5	0.0643046 -1.01937
6	0.00142138 -1.03516
7	0.251558 -0.959407
8	0.69123 -0.800177
9	0.681113 -0.807138
10	0.128873 -0.992566
11	0.753159 -0.812707
12	0.243079 -0.977699
13	0.125487 -0.993988
14	0.961789 -0.776074
15	0.553706 -0.852394
16	-0.188295 -1.1279
17	0.341482 -0.930477
18	-0.0644193 -1.04832
19	-0.0816935 -1.07448
20	0.945519 -0.76408
21	-0.230451 -1.11926
22	0.0881452 -1.02727
23	-0.0924614 -1.09056
24	-0.402904 -1.23948
25	0.418065 -0.890104
26	-0.0153287 -1.0551
27	4.33477 -4.39575
28	0.229795 -0.956161
29	0.909261 -0.784728
30	-0.190647 -1.11965
31	0.510125 -0.861186
32	0.202511 -0.984735
33	0.000113008 -1.03487
34	0.448161 -0.861204
35	0.533308 -0.833528
36	0.169587 -0.983918
37	1.14651 -0.718431
38	0.558722 -0.841103
39	0.219216 -0.914676
40	-0.301792 -1.19551
41	-0.470014 -1.22445
42	0.485759 -0.860669
43	0.202807 -0.972529
44	0.32892 -0.940527
45	0.663867 -0.811883
46	0.0623919 -0.98791
47	-0.25326 -1.13867
48	0.179666 -0.965772
49	0.956032 -0.774562
50	0.796125 -0.795062
51	0.637013 -0.835482
52	-0.132428 -1.11243
53	1.17758 -0.739073
54	3.59602 -1.44885
55	1.00968 -0.726982
56	0.517083 -0.875336
57	1.28478 -0.740346
58	0.376402 -0.932432
59	-0.0370269 -1.05183
60	-0.031622 -1.07052
61	0.342516 -0.915917
62	0.670797 -0.834578
63	-0.0114477 -1.04116
64	0.622291 -0.852782
65	2.58148 -0.912054
66	0.690241 -0.841077
67	-0.118015 -1.07116
68	0.178848 -0.962934
69	0.175601 -0.992446
70	0.434302 -0.884889
71	-0.0277581 -1.05318
72	0.918924 -0.78314
73	0.713453 -0.822652
74	-0.662372 -1.34228
75	-0.275931 -1.15102
76	0.504018 -0.884026
77	-0.276487 -1.1704
78	0.886076 -0.760076
79	0.493059 -0.878748
80	-0.614757 -1.32513
81	0.735672 -0.823604
82	-0.0614518 -1.06828
83	0.3971 -0.9037
84	0.0174631 -1.03612
85	-0.0790627 -1.07751
86	0.623192 -0.843746
87	0.808076 -0.808086
88	0.342713 -0.925981
89	-0.326009 -1.1847
90	-0.326776 -1.18218
91	-0.137529 -1.12721
92	1.32381 -0.722309
93	-0.0509683 -1.06294
94	0.682597 -0.839278
95	-0.213493 -1.12756
96	0.0673647 -1.0245
97	0.11822 -0.929056
98	-0.0858454 -1.09787
99	3.46792 -4.32982
100	-0.347051 -1.18944
101	0.175136 -0.989476
102	-0.15356 -1.09497
103	-0.0342009 -1.06108
104	0.58333 -0.844957
105	0.176573 -0.981315
106	0.445957 -0.890521
107	0.0648108 -1.02377
108	-0.247307 -1.14578
109	0.650127 -0.834471
110	-0.0681802 -1.08201
111	-0.109588 -1.0895
112	0.659366 -0.830906
113	0.370185 -0.887122
114	0.356537 -0.911145
115	0.481598 -0.819634
116	-0.185797 -1.12658
117	0.927416 -0.770519
118	0.126268 -1.01661
119	0.3611 -0.893759
120	0.38825 -0.923182
121	-0.25058 -1.15511
122	0.896182 -0.751793
123	-0.297766 -1.17366
124	2.40837 -0.892952
125	0.329782 -0.915237
126	0.266582 -0.95217
127	0.593278 -0.873438
128	0.615757 -0.890829
129	-0.394278 -1.2266
130	1.5606 -0.711939
131	0.750295 -0.831617
132	0.0137256 -1.02993
133	-0.256293 -1.17487
134	2.67728 -1.13517
135	-0.118738 -1.09127
136	0.444542 -0.885989
137	-0.0711365 -1.07394
138	1.95259 -0.733606
139	0.0773466 -0.994495
140	0.430989 -0.887369
141	0.678398 -0.823629
142	0.682331 -0.816896
143	0.338127 -0.914051
144	0.448787 -0.898717
145	-0.0426704 -1.0574
146	0.778223 -0.763176
147	0.262488 -0.959512
148	0.223108 -0.962729
149	0.62564 -0.843921
150	2.63384 -0.934586
151	-0.02623 -1.05924
152	-0.108633 -1.08874
153	0.668056 -0.83149
154	0.566187 -0.83141
155	0.857509 -0.775133
156	-0.120589 -1.08806
157	0.286046 -0.940081
158	0.131201 -0.964418
159	0.523297 -0.870547
160	0.268155 -0.925752
161	0.415789 -0.90232
162	0.475921 -0.865302
163	0.798347 -0.756633
164	0.57099 -0.839831
165	0.794049 -0.787238
166	0.581578 -0.839834
167	0.295244 -0.912788
168	0.278636 -0.948785
169	-0.0771995 -1.08628
170	0.294771 -0.94956
171	0.40675 -0.91191
172	0.263107 -0.939964
173	0.721986 -0.811806
174	0.72515 -0.815226
175	0.468548 -0.882488
176	0.10498 -0.989998
177	-0.113548 -1.07358
178	-0.0659641 -1.07151
179	1.36168 -0.73096
180	0.0879294 -1.0092
181	-0.147477 -1.11063
182	1.21046 -0.737038
183	0.319849 -0.935865
184	0.343092 -0.92661
185	-0.136564 -1.09652
186	0.930166 -0.763213
187	0.32498 -0.912899
188	1.0458 -0.771493
189	-0.364213 -1.19896
190	0.112696 -0.998837
191	1.02396 -0.756787
192	0.59597 -0.846458
193	0.298691 -0.938458
194	-0.676929 -1.22972
195	-0.282899 -1.15766
196	3.74336 -1.52687
197	0.102037 -1.01455
198	1.10681 -0.700527
199	-0.304841 -1.15838
200	0.461165 -0.924322
201	0.266328 -0.94438
202	0.00954699 -1.02714
203	0.830804 -0.810195
204	0.900493 -0.766851
205	0.0869012 -1.02816
206	0.538385 -0.849637
207	-0.142607 -1.12091
208	1.39142 -0.707038
209	2.3046 -0.885575
210	1.32113 -0.729785
211	0.0810612 -1.00557
212	-0.609652 -1.30496
213	0.686556 -0.812001
214	-0.0912986 -1.08894
215	0.00849148 -1.04654
216	0.429955 -0.87393
217	0.061613 -1.01957
218	1.04997 -0.743504
219	0.186549 -0.973525
220	0.337015 -0.902663
221	0.0834759 -0.982748
222	-0.377936 -1.17853
223	0.780318 -0.799732
224	-0.168012 -1.11991
225	0.136077 -0.989562
226	0.905163 -0.760899
227	0.215138 -0.971071
228	-0.116266 -1.08206
229	-0.0241416 -1.037
230	0.0110061 -1.04121
231	0.841406 -0.791612
232	3.37629 -4.42344
233	0.1661 -0.977596
234	0.0729941 -1.02851
235	0.19153 -0.940049
236	0.273121 -0.971838
237	0.0239296 -1.02968
238	0.785793 -0.820176
239	0.434588 -0.875164
240	0.972626 -0.736203
241	0.508766 -0.884652
242	-0.110767 -1.06451
243	-0.42616 -1.19112
244	-0.245327 -1.15438
245	-0.189182 -1.13205
246	0.432671 -0.906838
247	0.346968 -0.898537
248	-0.148236 -1.11202
249	-0.0396494 -1.06383
250	0.0619556 -1.02599
251	0.00355238 -1.03346
252	0.150328 -0.9879
253	-0.0654068 -1.09439
254	-0.120225 -1.08555
255	0.516699 -0.885704
256	0.488685 -0.864219
257	0.472741 -0.892683
258	0.765869 -0.782113
259	0.14569 -0.993288
260	0.482712 -0.91692
261	1.61209 -0.659557
262	0.239587 -0.954686
263	0.449742 -0.86697
264	0.379418 -0.905123
265	0.706989 -0.826891
266	-0.378473 -1.22381
267	0.0348676 -1.03284
268	0.494046 -0.893184
269	0.219335 -0.951566
270	0.0868626 -1.01036
271	0.237549 -0.954638
272	0.614613 -0.849212
273	0.383917 -0.847405
274	0.415399 -0.9052
275	0.469554 -0.901057
276	0.185459 -0.969696
277	0.586784 -0.866021
278	0.167684 -0.983392
279	-0.449242 -1.26284
280	0.584579 -0.879095
281	-0.179468 -1.09928
282	0.569345 -0.884937
283	0.639266 -0.804938
284	-0.0934805 -1.0951
285	1.02281 -0.751052
286	-0.274789 -1.16031
287	0.604075 -0.879042
288	0.438271 -0.906379
289	0.0435988 -1.0018
290	0.848934 -0.790061
291	-0.17011 -1.11752
292	0.463465 -0.881348
293	-0.217284 -1.13099
294	0.306624 -0.912395
295	0.654886 -0.85452
296	2.48224 -4.65542
297	0.133717 -1.02394
298	-0.27156 -1.16978
299	0.741699 -0.832648
300	0.251594 -0.960075
301	-0.0958051 -1.09174
302	-0.105284 -1.07303
303	0.377906 -0.919506
304	0.382883 -0.896207
305	0.0925782 -1.00606
306	1.4901 -0.710075
307	-0.258179 -1.15226
308	0.153859 -0.985664
309	0.422912 -0.895793
310	0.0394214 -1.0312
311	0.302497 -0.938365
312	0.50897 -0.922919
313	0.709381 -0.833111
314	0.465587 -0.891021
315	0.0599034 -1.01218
316	-0.181283 -1.11761
317	0.718795 -0.813348
318	0.575602 -0.838018
319	-0.11727 -1.056
320	0.457352 -0.898309
321	-0.0573937 -1.08228
322	-0.2624 -1.16398
323	0.256456 -0.954419
324	1.10406 -0.736041
325	0.524625 -0.869798
326	-0.110604 -1.08605
327	-0.370642 -1.20091
328	0.155108 -0.988439
329	0.476761 -0.88732
330	0.471123 -0.887708
331	0.33375 -0.91279
332	0.652374 -0.824143
333	0.470161 -0.869936
334	0.990319 -0.762979
335	-0.10938 -1.09493
336	1.32868 -0.723526
337	0.560381 -0.895858
338	0.700203 -0.837361
339	-0.409814 -1.23512
340	0.542367 -0.72696
341	0.762957 -0.769924
342	0.749683 -0.805427
343	0.205308 -0.963018
344	1.00892 -0.738945
345	3.49671 -1.38405
346	0.760273 -0.812674
347	0.473086 -0.940793
348	0.611642 -0.830501
349	-0.318399 -1.17518
350	0.535406 -0.810634
351	0.987227 -0.724848
352	0.529918 -0.865767
353	1.23163 -0.729323
354	0.197195 -0.954331
355	-0.314902 -1.18645
356	0.900883 -0.75307
357	-0.0544422 -1.07555
358	0.330499 -0.922036
359	-0.0913787 -1.08614
360	-0.626142 -1.32889
361	0.908931 -0.786675
362	-0.254579 -1.15518
363	0.616377 -0.794426
364	0.600418 -0.825952
365	0.366698 -0.942556
366	-0.416058 -1.22588
367	0.0501375 -1.02781
368	0.577599 -0.859296
369	0.628986 -0.82324
370	-0.457579 -1.25177
371	0.298579 -0.941223
372	0.0681832 -1.02327
373	-0.436455 -1.23282
374	1.02844 -0.745461
375	0.0692229 -1.01362
376	-0.226119 -1.14572
377	-0.212698 -1.12658
378	0.261913 -0.945891
379	0.178436 -0.974233
380	0.700142 -0.79333
381	0.976946 -0.763115
382	-0.494716 -1.1086
383	1.74872 -0.720023
384	-0.0461467 -1.04171
385	0.0861065 -1.00849
386	-0.00273191 -1.05546
387	0.036095 -0.981612
388	0.0439742 -1.0389
389	0.533785 -0.870823
390	-0.458086 -1.26886
391	0.13573 -0.974489
392	2.49977 -1.07968
393	0.221579 -0.961167
394	1.20251 -0.71572
395	-0.073409 -1.06417
396	-0.345341 -1.19829
397	0.910774 -0.733068
398	0.740616 -0.768326
399	0.568945 -0.845187
400	0.285254 -0.938421
401	-0.311979 -1.17949
402	-0.161156 -1.11662
403	0.0332625 -1.04217
404	0.191775 -0.965585
405	0.221922 -0.96732
406	1.11679 -0.705593
407	-0.612333 -1.324
408	0.161132 -0.968743
409	0.189171 -0.98322
410	-0.466153 -1.22675
411	-0.242968 -1.15332
412	0.129124 -1.00695
413	-0.0417596 -1.06474
414	0.0257667 -1.04509
415	0.932115 -0.750693
416	0.371572 -0.910114
417	0.279866 -0.949144
418	-0.106731 -1.09947
419	0.0443593 -1.01359
420	0.557225 -0.847086
421	0.0260366 -1.03051
422	-0.347274 -1.19471
423	0.73273 -0.81823
424	-0.214096 -1.1356
425	0.631789 -0.828816
426	0.0522244 -1.02683
427	0.943345 -0.742266
428	0.14043 -0.989337
429	-0.42905 -1.21552
430	0.0872018 -1.02333
431	0.708758 -0.798467
432	0.383034 -0.89958
433	0.500237 -0.842422
434	0.456545 -0.849201
435	1.22907 -0.734827
436	0.448638 -0.871466
437	0.407555 -0.912872
438	0.39888 -0.937898
439	0.312178 -0.936408
440	-0.21742 -1.15393
441	0.147664 -0.97312
442	1.40247 -0.700595
443	0.450118 -0.880095
444	-0.110592 -1.07777
445	0.817801 -0.800416
446	0.464159 -0.926136
447	0.064265 -0.986318
448	2.26969 -4.65362
449	0.0261648 -1.00145
450	0.401823 -0.902825
451	1.0361 -0.771169
452	-0.0220117 -1.05448
453	0.610638 -0.829475
454	1.09614 -0.753006
455	0.813506 -0.790313
456	0.0194882 -1.0434
457	-0.243743 -1.15237
458	-0.518581 -1.27697
459	-0.245442 -1.14448
460	0.401595 -0.907745
461	0.793207 -0.795722
462	-0.171327 -1.11626
463	-0.223315 -1.14123
464	-0.268135 -1.15217
465	-0.239956 -1.12245
466	-0.0596529 -1.07131
467	0.381241 -0.895883
468	-0.0764625 -1.0973
469	0.285303 -0.948598
470	0.193377 -0.938158
471	0.473375 -0.882846
472	0.826587 -0.774431
473	0.10696 -0.97297
474	-0.167585 -1.12899
475	-0.119856 -1.08699
476	0.155691 -0.979916
477	0.350088 -0.921443
478	3.27148 -1.28435
479	-0.159418 -1.12291
480	0.274195 -0.936279
481	0.681302 -0.833384
482	0.507282 -0.864384
483	1.69715 -0.712132
484	0.426899 -0.876225
485	0.772516 -0.819863
486	0.313296 -0.921722
487	0.535573 -0.916037
488	3.7911 -1.51975
489	-0.216949 -1.14119
490	0.221636 -0.970187
491	-0.158194 -1.09981
492	2.68707 -1.0181
493	0.969445 -0.769381
494	1.16555 -0.677841
495	0.0589916 -1.02617
496	0.768705 -0.812857
497	-0.43979 -1.22327
498	-0.0845842 -1.09275
499	0.845395 -0.77095
500	1.51257 -0.69747
501	0.0932243 -1.00867
502	-0.157858 -1.12335
503	-0.058271 -1.04972
504	0.5187 -0.873174
505	-0.0798621 -1.07616
506	-0.430259 -1.21377
507	0.549668 -0.92161
508	3.4594 -4.33036
509	0.834661 -0.792542
510	3.4541 -1.39394
511	0.66694 -0.839298
512	0.616479 -0.836505
513	0.806922 -0.79986
514	0.0535898 -1.0135
515	0.126613 -1.01853
516	0.221781 -0.990599
517	-0.0761692 -1.0874
518	0.509712 -0.87516
519	0.712069 -0.825748
520	0.686102 -0.808016
521	0.619343 -0.830532
522	0.365625 -0.91693
523	0.388419 -0.875485
524	-0.289889 -1.17763
525	0.506749 -0.876107
526	0.1755 -0.984155
527	0.0329503 -1.03457
528	0.777001 -0.787617
529	1.08564 -0.728369
530	0.600864 -0.846292
531	0.454091 -0.851946
532	0.212111 -0.929253
533	0.453996 -0.900417
534	0.558622 -0.890402
535	0.0704727 -1.01009
536	1.02668 -0.75049
537	1.47504 -0.723885
538	0.0955445 -1.01498
539	0.933988 -0.81348
540	2.11661 -0.77183
541	0.514374 -0.873947
542	1.31383 -0.709889
543	0.0484533 -1.03404
544	0.048374 -1.03734
545	0.970903 -0.770068
546	0.735503 -0.829638
547	0.0984491 -0.998071
548	-0.354198 -1.19527
549	1.15292 -0.734251
550	0.245674 -0.889688
551	1.00175 -0.758215
552	0.408936 -0.919293
553	2.27212 -0.802964
554	1.03656 -0.742756
555	0.722868 -0.80181
556	-0.0550106 -1.07052
557	1.23128 -0.726155
558	0.927337 -0.753191
559	1.15943 -0.739657
560	-0.276889 -1.15441
561	0.303373 -0.942007
562	0.618991 -0.846595
563	0.829313 -0.761049
564	0.0625091 -1.02237
565	0.609788 -0.831634
566	0.25863 -0.95529
567	-0.0498982 -1.05366
568	-0.127332 -1.11964
569	1.04609 -0.754658
570	0.10615 -1.01163
571	-0.619906 -1.28465
572	-0.157101 -1.10594
573	0.522125 -0.858976
574	0.342691 -0.895616
575	0.572859 -0.864888
576	0.272451 -0.957047
577	0.228466 -0.948932
578	0.557829 -0.87525
579	0.590641 -0.800799
580	0.229972 -0.971092
581	0.0942108 -0.981561
582	0.902158 -0.776617
583	0.149929 -0.985485
584	0.419032 -0.898596
585	0.796105 -0.793771
586	-0.338347 -1.18168
587	-0.1475 -1.11739
588	0.288563 -0.952476
589	0.0975846 -1.00189
590	0.394817 -0.881723
591	-0.44607 -1.23258
592	0.291893 -0.93726
593	2.89606 -1.21538
594	-0.0877602 -1.09216
595	0.675509 -0.817521
596	0.225295 -0.955869
597	0.0441382 -1.00218
598	0.434747 -0.8986
599	0.501795 -0.876962
600	1.23929 -0.735912
601	0.274112 -0.942884
602	1.22535 -0.716069
603	0.106642 -1.01043
604	0.546444 -0.833866
605	0.199499 -0.963782
606	-0.100825 -1.08608
607	-0.167078 -1.10978
608	0.0774129 -1.01244
609	-0.45622 -1.21653
610	0.499749 -0.870836
611	0.301824 -0.921992
612	0.96458 -0.751281
613	0.944589 -0.776019
614	0.998644 -0.741084
615	0.135526 -0.984357
616	-0.15307 -1.10242
617	-0.53021 -1.26621
618	1.00905 -0.766786
619	0.712364 -0.811645
620	-0.635357 -1.33556
621	0.75756 -0.790451
622	0.523962 -0.868465
623	0.307011 -0.923442
624	0.160676 -0.976547
625	0.152259 -0.994425
626	0.711457 -0.813636
627	0.194352 -0.970129
628	0.0504085 -1.03195
629	0.23079 -0.964624
630	-0.488551 -1.27342
631	0.343823 -0.907984
632	1.33515 -0.719401
633	3.35666 -4.35685
634	3.12222 -1.2194
635	0.109906 -0.988512
636	0.00506647 -1.02797
637	-0.217953 -1.14248
638	0.647272 -0.831431
639	-0.209727 -1.12169
640	0.787243 -0.799666
641	0.253934 -0.953741
642	0.163636 -0.992799
643	0.0786359 -1.01237
644	0.0701957 -0.965318
645	0.414078 -0.88794
646	0.340894 -0.947902
647	1.0201 -0.748232
648	1.84734 -0.690273
649	1.07321 -0.700404
650	0.893118 -0.767482
651	0.697093 -0.835662
652	0.306544 -0.947565
653	0.626785 -0.852628
654	0.27543 -0.947972
655	-0.207591 -1.13233
656	-0.460421 -1.25398
657	0.72948 -0.832603
658	0.0498577 -1.02154
659	0.183677 -0.98671
660	0.263626 -0.953784
661	0.810303 -0.760901
662	0.10793 -1.01959
663	1.11645 -0.722043
664	0.667286 -0.833032
665	2.46349 -0.89302
666	0.42334 -0.904467
667	0.173784 -0.99056
668	0.212798 -0.973174
669	0.0782142 -1.02637
670	0.0774665 -1.02718
671	-0.20413 -1.1421
672	0.280058 -0.893345
673	-0.0169802 -1.06201
674	-0.103544 -1.06868
675	-0.244939 -1.12725
676	0.238912 -0.958993
677	1.23418 -0.716932
678	-0.0777828 -1.07148
679	0.495531 -0.87955
680	0.495622 -0.880183
681	0.224746 -0.95785
682	0.513625 -0.869848
683	-0.211217 -1.1212
684	0.365503 -0.910358
685	0.106846 -1.00569
686	0.623515 -0.840968
687	0.0219699 -1.02413
688	0.281649 -0.927717
689	0.722531 -0.824636
690	0.0181903 -1.00926
691	0.154964 -0.986423
692	0.320469 -0.911209
693	0.372122 -0.925328
694	0.658818 -0.851188
695	0.515995 -0.9008
696	-0.330096 -1.18507
697	0.565668 -0.838681
698	0.653209 -0.833989
699	0.955953 -0.754928
700	-0.27877 -1.17024
701	0.635085 -0.815793
702	-0.168577 -1.10301
703	1.11477 -0.720164
704	0.321483 -0.917258
705	-0.490747 -1.2439
706	0.866715 -0.789503
707	-0.255106 -1.15861
708	0.477652 -0.852206
709	0.892848 -0.768664
710	0.615789 -0.856079
711	-0.40228 -1.20026
712	0.978725 -0.760676
713	0.0330759 -1.01635
714	-0.0343298 -1.04986
715	-0.486188 -1.25215
716	0.540905 -0.85541
717	0.706346 -0.802233
718	0.324774 -0.896681
719	0.679575 -0.822841
720	2.5409 -4.78019
721	0.736837 -0.776893
722	0.723074 -0.807131
723	0.422895 -0.88739
724	0.387635 -0.908782
725	0.252436 -0.922756
726	-0.00128087 -1.02626
727	-0.0866731 -1.07837
728	0.375899 -0.908134
729	0.192759 -0.962816
730	0.298229 -0.941553
731	0.0827392 -1.01767
732	-0.169933 -1.10564
733	2.64175 -1.12952
734	0.33501 -0.924336
735	0.0830696 -0.99735
736	0.619207 -0.856968
737	0.42758 -0.898732
738	0.364035 -0.908616
739	-0.0091518 -1.05273
740	0.267582 -0.938174
741	0.684663 -0.809172
742	0.740846 -0.802517
743	0.19724 -0.962401
744	0.466108 -0.86614
745	0.624147 -0.851234
746	1.03512 -0.750132
747	-0.07161 -1.07407
748	0.847383 -0.790019
749	0.828622 -0.785713
750	0.052799 -1.01418
751	0.235855 -0.935845
752	0.595486 -0.783279
753	0.518433 -0.866618
754	-0.0498845 -1.05932
755	0.534237 -0.872965
756	0.0463029 -1.02865
757	0.674419 -0.832958
758	0.461389 -0.880469
759	-0.286399 -1.16218
760	0.649792 -0.843976
761	-0.144556 -1.11534
762	0.410912 -0.899137
763	0.526572 -0.876567
764	0.328875 -0.92875
765	0.411599 -0.869342
766	0.276595 -0.915019
767	0.293779 -0.915537
768	0.44942 -0.901008
769	-0.0282674 -1.05697
770	0.617911 -0.868704
771	0.357869 -0.924772
772	0.384543 -0.908428
773	0.647277 -0.813873
774	-0.182578 -1.10426
775	-0.254004 -1.16685
776	0.500792 -0.844935
777	-0.118309 -1.09508
778	0.117435 -0.993538
779	0.527568 -0.868365
780	-0.177838 -1.12664
781	0.570458 -0.853347
782	-0.215137 -1.12259
783	-0.413246 -1.23029
784	0.332458 -0.919496
785	0.227002 -0.964844
786	0.283098 -0.9507
787	0.67793 -0.812835
788	0.686188 -0.817711
789	0.0198075 -1.00495
790	-0.0096347 -1.0401
791	0.314679 -0.91951
792	0.549635 -0.86361
793	0.000488413 -1.0484
794	0.190262 -0.974937
795	0.507908 -0.873552
796	-0.144129 -1.11591
797	1.16699 -0.73592
798	0.770079 -0.784015
799	0.78892 -0.804891
800	0.132034 -0.989498
801	1.02095 -0.735699
802	0.178759 -0.979963
803	0.103033 -1.0021
804	-0.267808 -1.15309
805	0.639383 -0.830533
806	0.205361 -0.944534
807	0.460413 -0.886468
808	0.133092 -0.996206
809	0.155291 -0.984405
810	0.47662 -0.863293
811	0.846335 -0.810198
812	0.577736 -0.851519
813	0.169809 -0.984417
814	0.502219 -0.868706
815	0.217415 -0.938015
816	0.233613 -0.957881
817	0.669534 -0.831097
818	-0.207427 -1.14185
819	0.832178 -0.773049
820	0.598358 -0.859917
821	0.036058 -1.03003
822	0.37631 -0.92601
823	0.252685 -0.955092
824	0.306156 -0.937762
825	0.24638 -0.952596
826	0.0989721 -0.992724
827	0.31803 -0.944238
828	0.876878 -0.763608
829	-0.0219254 -1.06337
830	0.52039 -0.868436
831	0.780298 -0.769802
832	0.216964 -0.954909
833	0.312177 -0.918514
834	0.823839 -0.800337
835	0.0608405 -1.03293
836	0.0965648 -1.00974
837	-0.108586 -1.09425
838	2.47215 -4.55398
839	0.437658 -0.899872
840	0.30138 -0.917916
841	0.651214 -0.822881
842	-0.524941 -1.27478
843	0.53391 -0.866512
844	0.418729 -0.884662
845	-0.33325 -1.18716
846	2.90851 -1.23827
847	-0.108454 -1.07405
848	0.631267 -0.823421
849	0.286254 -0.93216
850	0.17003 -0.974696
851	1.23125 -0.732464
852	-0.274539 -1.1665
853	0.306735 -0.926422
854	1.76166 -0.697098
855	0.328714 -0.911598
856	0.500407 -0.888101
857	0.350552 -0.925404
858	1.05927 -0.768747
859	-0.162218 -1.10281
860	0.158386 -0.988406
861	0.728396 -0.804449
862	1.14747 -0.773054
863	-0.280542 -1.16557
864	0.476826 -0.882919
865	0.15679 -0.991588
866	-0.113599 -1.07317
867	0.675803 -0.808581
868	0.0681645 -1.01307
869	0.426547 -0.956239
870	-0.0456428 -1.06332
871	0.171809 -0.98258
872	-0.243292 -1.1382
873	-0.154148 -1.11043
874	1.01199 -0.765948
875	0.337258 -0.890284
876	0.299056 -0.938567
877	0.0792112 -1.01938
878	-0.0892747 -1.07014
879	-0.182028 -1.16423
880	3.3218 -1.32623
881	0.229794 -0.979294
882	-0.480776 -1.25368
883	0.713938 -0.809033
884	0.536224 -0.885325
885	-0.269856 -1.16728
886	0.510373 -0.870076
887	0.323707 -0.942849
888	-0.183001 -1.13343
889	0.127199 -1.00837
890	-0.28727 -1.16311
891	0.227347 -0.969647
892	0.361619 -0.927313
893	0.227379 -0.952607
894	0.469867 -0.86055
895	0.698725 -0.829481
896	0.790732 -0.787756
897	-0.114488 -1.08953
898	1.61614 -0.718933
899	-0.0272709 -1.04757
900	1.70136 -0.706695
901	-0.0319119 -1.04702
902	-0.0686696 -1.07638
903	-0.246715 -1.15013
904	0.511997 -0.886736
905	0.30424 -0.98292
906	0.63433 -0.767975
907	-0.261594 -1.16453
908	0.115099 -1.012
909	0.429064 -0.884945
910	0.366917 -0.937241
911	0.426698 -0.896132
912	0.980408 -0.743272
913	0.175189 -0.982725
914	0.373587 -0.915954
915	1.20293 -0.719165
916	0.890568 -0.77399
917	0.125876 -0.97886
918	-0.420968 -1.22152
919	0.551846 -0.831777
920	0.315457 -0.946414
921	0.32308 -0.930247
922	0.339243 -0.95059
923	1.26187 -0.723833
924	0.00945407 -1.00853
925	2.63818 -1.1182
926	-0.164508 -1.11129
927	-0.0264141 -1.05881
928	0.480379 -0.869602
929	-0.270647 -1.14912
930	0.54534 -0.860848
931	0.449756 -0.880924
932	3.07124 -1.20089
933	0.0144358 -1.01872
934	0.301477 -0.938859
935	0.117901 -1.02322
936	0.152823 -0.995201
937	0.295981 -0.929891
938	0.0718072 -1.01667
939	0.16523 -0.989807
940	-0.00377512 -1.02827
941	0.117591 -0.979716
942	0.329618 -0.93246
943	0.679374 -0.797002
944	0.0401115 -1.03866
945	0.543126 -0.823059
946	0.533548 -0.875912
947	0.411547 -0.885338
948	0.916067 -0.762782
949	0.177253 -0.955475
950	0.378787 -0.88639
951	0.429111 -0.905811
952	-0.313821 -1.15443
953	0.0700561 -1.03628
954	-0.229065 -1.14572
955	0.197929 -0.965703
956	0.532632 -0.829629
957	1.0696 -0.71295
958	-0.127867 -1.07491
959	3.9448 -1.63531
960	0.577454 -0.865017
961	-0.300417 -1.17216
962	-0.10612 -1.09159
963	0.134802 -0.990058
964	0.530801 -0.881059
965	0.0133561 -1.02253
966	1.09526 -0.728745
967	2.06122 -0.772326
968	0.692646 -0.801578
969	0.208809 -0.978149
970	0.136608 -0.991415
971	0.0214815 -1.01313
972	0.163917 -0.986211
973	0.59937 -0.78869
974	0.111715 -0.98801
975	2.91498 -1.11323
976	-0.0693225 -1.09807
977	-0.0700955 -1.07118
978	0.514336 -0.870801
979	0.55631 -0.853987
980	-0.171578 -1.11597
981	-0.253397 -1.15153
982	0.311524 -0.935547
983	0.0733051 -1.0242
984	-0.0680337 -1.07643
985	0.468324 -0.875946
986	0.732934 -0.79563
987	4.37001 -4.47598
988	0.543482 -0.875872
989	0.682184 -0.828741
990	-0.0296208 -1.07256
991	0.111783 -0.998904
992	-0.0357696 -1.03134
993	0.246671 -0.973565
994	0.882035 -0.754739
995	0.114702 -1.00587
996	-0.255484 -1.15486
997	1.09096 -0.74742
998	0.244635 -0.968575
999	0.270242 -0.937272
1000	0.0114979 -1.03906
1001	-0.100813 -1.06273
1002	0.581365 -0.857108
1003	0.0551526 -1.00722
1004	0.113791 -0.997445
1005	-0.109996 -1.09654
1006	1.19365 -0.741644
1007	-0.334359 -1.18674
1008	0.903192 -0.779785
1009	1.87105 -0.739435
1010	0.11851 -0.988095
1011	2.87369 -1.06487
1012	-0.00418233 -1.04805
1013	0.24361 -0.957167
1014	0.38068 -0.91101
1015	0.684161 -0.828235
1016	2.66811 -1.14531
1017	-0.145821 -1.09345
1018	-0.167354 -1.1411
1019	0.92579 -0.765788
1020	-0.317462 -1.19102
1021	0.0506802 -1.01905
1022	0.0322286 -0.96903
1023	1.22588 -0.732266
1024	-0.0964246 -1.09623
1025	-0.140426 -1.11121
1026	0.725389 -0.814233
1027	-0.193187 -1.10336
1028	-0.281395 -1.17261
1029	0.182294 -0.986894
1030	-0.0468188 -1.05173
1031	0.353191 -0.912685
1032	0.723888 -0.794935
1033	-0.0583428 -1.07122
1034	0.242498 -0.971362
1035	2.74213 -1.02705
1036	0.328669 -0.916313
1037	0.33409 -0.921507
1038	0.225901 -0.97534
1039	0.212742 -0.968903
1040	0.297668 -0.949812
1041	0.589039 -0.856257
1042	-0.221252 -1.1429
1043	0.240287 -0.959725
1044	-0.0549495 -1.07384
1045	-0.0957948 -1.08992
1046	0.447812 -0.883087
1047	0.26882 -0.939313
1048	0.499815 -0.877939
1049	0.779781 -0.810573
1050	-0.300104 -1.16064
1051	0.406067 -0.918542
1052	0.320431 -0.907648
1053	0.104651 -1.01386
1054	0.287836 -0.934362
1055	0.692511 -0.813589
1056	0.732011 -0.824145
1057	0.774526 -0.825787
1058	0.0311986 -1.03365
1059	-0.50114 -1.25587
